-9.903033 2.211007 1.714844
-9.930201 1.894309 1.810854
-9.957095 1.577416 1.906483
-9.983737 1.260360 2.001721
-10.010150 0.943171 2.096557
-10.036360 0.625882 2.190979
-10.062390 0.308524 2.284976
-10.088270 -0.008871 2.378537
-10.114010 -0.326272 2.471650
-10.139640 -0.643646 2.564305
-9.626655 2.176950 1.651386
-9.653884 1.860098 1.746354
-9.680809 1.543070 1.841074
-9.707460 1.225892 1.935514
-9.733866 0.908594 2.029642
-9.760057 0.591205 2.123423
-9.786061 0.273755 2.216827
-9.811909 -0.043730 2.309818
-9.837631 -0.361218 2.402365
-9.863256 -0.678682 2.494434
-9.350202 2.142939 1.588272
-9.377487 1.825934 1.682203
-9.404437 1.508771 1.776030
-9.431086 1.191475 1.869697
-9.457471 0.874073 1.963148
-9.483627 0.556589 2.056327
-9.509591 0.239049 2.149175
-9.535401 -0.078519 2.241636
-9.561090 -0.396092 2.333654
-9.586697 -0.713642 2.425170
-9.073594 2.109008 1.525768
-9.100946 1.791843 1.618616
-9.127935 1.474538 1.711486
-9.154604 1.157114 1.804303
-9.180991 0.839594 1.896988
-9.207141 0.522002 1.989464
-9.233094 0.204361 2.081652
-9.258893 -0.113306 2.173475
-9.284581 -0.430976 2.264854
-9.310198 -0.748625 2.355711
-8.796791 2.075173 1.464007
-8.824228 1.757840 1.555701
-8.851286 1.440378 1.647513
-8.878008 1.122810 1.739352
-8.904439 0.805155 1.831124
-8.930627 0.487434 1.922735
-8.956619 0.169670 2.014091
-8.982458 -0.148118 2.105099
-9.008193 -0.465908 2.195665
-9.033869 -0.783679 2.285694
-8.519769 2.041443 1.403062
-8.547315 1.723930 1.493517
-8.574476 1.406298 1.584147
-8.601295 1.088565 1.674853
-8.627823 0.770751 1.765533
-8.654107 0.452877 1.856083
-8.680196 0.134962 1.946400
-8.706138 -0.182973 2.036381
-8.731982 -0.500910 2.125922
-8.757776 -0.818828 2.214920
-8.242521 2.007821 1.342950
-8.270203 1.690116 1.432071
-8.297503 1.372295 1.521387
-8.324469 1.054377 1.610797
-8.351148 0.736381 1.700194
-8.377590 0.418327 1.789475
-8.403842 0.100235 1.878532
-8.429954 -0.217877 1.967262
-8.455972 -0.535989 2.055558
-8.481946 -0.854080 2.143316
-7.965074 1.974294 1.283578
-7.992912 1.656387 1.371283
-8.020387 1.338363 1.459168
-8.047541 1.020241 1.547135
-8.074421 0.702042 1.635085
-8.101076 0.383785 1.722915
-8.127548 0.065490 1.810524
-8.153887 -0.252822 1.897810
-8.180136 -0.571132 1.984673
-8.206343 -0.889420 2.071011
-7.687453 1.940850 1.224851
-7.715469 1.622731 1.311066
-7.743145 1.304491 1.397419
-7.770524 0.986150 1.483825
-7.797647 0.667730 1.570189
-7.824557 0.349252 1.656420
-7.851296 0.030736 1.742425
-7.877909 -0.287796 1.828113
-7.904436 -0.606324 1.913390
-7.930920 -0.924826 1.998165
-7.409685 1.907479 1.166689
-7.437893 1.589141 1.251357
-7.465792 1.270676 1.336106
-7.493420 0.952105 1.420860
-7.520813 0.633452 1.505539
-7.548011 0.314738 1.590064
-7.575051 -0.004013 1.674355
-7.601970 -0.322780 1.758332
-7.628807 -0.641539 1.841916
-7.655600 -0.960268 1.925027
-7.131795 1.874173 1.109021
-7.160202 1.555611 1.192108
-7.188336 1.236915 1.275208
-7.216226 0.918107 1.358258
-7.243907 0.599213 1.441194
-7.271410 0.280256 1.523951
-7.298768 -0.038739 1.606463
-7.326012 -0.357747 1.688666
-7.353176 -0.676745 1.770495
-7.380292 -0.995709 1.851884
-6.853804 1.840925 1.051789
-6.882412 1.522137 1.133282
-6.910781 1.203207 1.214717
-6.938938 0.884160 1.296046
-6.966909 0.565023 1.377220
-6.994721 0.245820 1.458190
-7.022399 -0.073421 1.538905
-7.049972 -0.392674 1.619315
-7.077466 -0.711914 1.699372
-7.104908 -1.031114 1.779025
-6.575729 1.807731 0.994961
-6.604532 1.488718 1.074867
-6.633131 1.169556 1.154649
-6.661545 0.850272 1.234273
-6.689798 0.530892 1.313704
-6.717908 0.211446 1.392907
-6.745898 -0.108038 1.471846
-6.773789 -0.427534 1.550487
-6.801603 -0.747012 1.628794
-6.829361 -1.066446 1.706732
-6.297581 1.774588 0.938509
-6.326569 1.455354 1.016856
-6.355383 1.135964 1.095023
-6.384038 0.816447 1.172989
-6.412551 0.496833 1.250729
-6.440939 0.177151 1.328223
-6.469219 -0.142570 1.405447
-6.497406 -0.462301 1.482380
-6.525518 -0.782011 1.558997
-6.553571 -1.101672 1.635277
-6.019363 1.741498 0.882440
-6.048522 1.422046 0.959267
-6.077533 1.102435 1.035870
-6.106407 0.782693 1.112237
-6.135157 0.462852 1.188357
-6.163797 0.142943 1.264215
-6.192339 -0.177006 1.339801
-6.220795 -0.496962 1.415101
-6.249178 -0.816895 1.490102
-6.277501 -1.136775 1.564793
-5.741070 1.708463 0.826777
-5.770385 1.388799 0.902128
-5.799573 1.068973 0.977223
-5.828643 0.749015 1.052060
-5.857605 0.428957 1.126632
-5.886469 0.108829 1.200934
-5.915245 -0.211336 1.274962
-5.943941 -0.531508 1.348710
-5.972569 -0.851655 1.422173
-6.001136 -1.171745 1.495347
-5.462704 1.675482 0.771516
-5.492160 1.355612 0.845434
-5.521506 1.035579 0.919077
-5.550750 0.715412 0.992447
-5.579900 0.395145 1.065543
-5.608962 0.074808 1.138364
-5.637945 -0.245565 1.210911
-5.666856 -0.565943 1.283184
-5.695702 -0.886294 1.355181
-5.724491 -1.206586 1.426904
-5.184275 1.642548 0.716593
-5.213860 1.322475 0.789107
-5.243352 1.002239 0.861337
-5.272754 0.681869 0.933286
-5.302074 0.361399 1.004957
-5.331316 0.040861 1.076352
-5.360487 -0.279714 1.147475
-5.389593 -0.600291 1.218327
-5.418639 -0.920841 1.288911
-5.447633 -1.241329 1.359231
-4.905794 1.609651 0.661941
-4.935504 1.289377 0.733066
-4.965133 0.968939 0.803904
-4.994684 0.648370 0.874458
-5.024163 0.327701 0.944733
-5.053573 0.006965 1.014734
-5.082920 -0.313807 1.084465
-5.112209 -0.634580 1.153930
-5.141444 -0.955324 1.223133
-5.170631 -1.276005 1.292079
-4.627269 1.576785 0.607519
-4.657101 1.256310 0.677260
-4.686862 0.935673 0.746715
-4.716556 0.614905 0.815888
-4.746186 0.294039 0.884785
-4.775757 -0.026893 0.953409
-4.805273 -0.347859 1.021768
-4.834738 -0.668826 1.089865
-4.864155 -0.989761 1.157705
-4.893529 -1.310633 1.225294
-4.348703 1.543946 0.553305
-4.378655 1.223271 0.621660
-4.408546 0.902435 0.689734
-4.438379 0.581469 0.757531
-4.468158 0.260406 0.825056
-4.497886 -0.060721 0.892314
-4.527566 -0.381880 0.959310
-4.557202 -0.703039 1.026049
-4.586797 -1.024166 1.092536
-4.616354 -1.345227 1.158777
-4.070103 1.511132 0.499265
-4.100175 1.190254 0.566226
-4.130196 0.869218 0.632914
-4.160168 0.548054 0.699331
-4.190094 0.226794 0.765483
-4.219977 -0.094528 0.831375
-4.249820 -0.415881 0.897011
-4.279625 -0.737232 0.962395
-4.309395 -1.058549 1.027532
-4.339134 -1.379800 1.092427
-3.791479 1.478334 0.445345
-3.821674 1.157252 0.510898
-3.851826 0.836013 0.576186
-3.881938 0.514649 0.641214
-3.912012 0.193192 0.705986
-3.942051 -0.128326 0.770505
-3.972056 -0.449873 0.834777
-4.002030 -0.771416 0.898803
-4.031976 -1.092924 0.962590
-4.061897 -1.414365 1.026139
-3.512842 1.445545 0.391494
-3.543164 1.124255 0.455614
-3.573452 0.802812 0.519483
-3.603707 0.481246 0.583105
-3.633932 0.159589 0.646483
-3.664128 -0.162126 0.709619
-3.694298 -0.483868 0.772517
-3.724443 -0.805605 0.835179
-3.754566 -1.127304 0.897609
-3.784668 -1.448935 0.959810
-3.234194 1.412764 0.337701
-3.264648 1.091263 0.400362
-3.295075 0.769612 0.462788
-3.325478 0.447841 0.524983
-3.355858 0.125982 0.586948
-3.386216 -0.195932 0.648685
-3.416554 -0.517871 0.710197
-3.446873 -0.839803 0.771485
-3.477175 -1.161695 0.832551
-3.507462 -1.483516 0.893397
-2.955530 1.379993 0.283983
-2.986121 1.058277 0.345156
-3.016694 0.736414 0.406114
-3.047250 0.414436 0.466858
-3.077790 0.092372 0.527390
-3.108314 -0.229744 0.587709
-3.138824 -0.551882 0.647818
-3.169321 -0.874010 0.707717
-3.199806 -1.196096 0.767407
-3.230280 -1.518109 0.826890
-2.676846 1.347234 0.230357
-2.707581 1.025300 0.290016
-2.738305 0.703223 0.349480
-2.769019 0.381032 0.408750
-2.799723 0.058761 0.467826
-2.830419 -0.263560 0.526708
-2.861106 -0.585899 0.585396
-2.891785 -0.908225 0.643892
-2.922456 -1.230507 0.702193
-2.953120 -1.552712 0.760302
-2.398140 1.314491 0.176847
-2.429020 0.992335 0.234969
-2.459899 0.670040 0.292920
-2.490774 0.347637 0.350698
-2.521647 0.025156 0.408302
-2.552517 -0.297372 0.465733
-2.583384 -0.619914 0.522989
-2.614247 -0.942440 0.580070
-2.645107 -1.264918 0.636975
-2.675963 -1.587317 0.693703
-2.119404 1.281767 0.123476
-2.150434 0.959387 0.180048
-2.181469 0.636873 0.236472
-2.212508 0.314254 0.292746
-2.243550 -0.008438 0.348870
-2.274596 -0.331173 0.404841
-2.305643 -0.653919 0.460658
-2.336692 -0.976645 0.516320
-2.367740 -1.299320 0.571825
-2.398789 -1.621914 0.627171
-1.840629 1.249070 0.070303
-1.871808 0.926465 0.125315
-1.902999 0.603730 0.180204
-1.934202 0.280895 0.234969
-1.965415 -0.042009 0.289605
-1.996636 -0.364952 0.344112
-2.027864 -0.687903 0.398485
-2.059098 -1.010830 0.452723
-2.090336 -1.333703 0.506824
-2.121577 -1.656491 0.560784
-1.561796 1.216409 0.017407
-1.593123 0.893579 0.070856
-1.624471 0.570623 0.124207
-1.655837 0.247571 0.177456
-1.687220 -0.075546 0.230601
-1.718617 -0.398698 0.283637
-1.750026 -0.721854 0.336560
-1.781446 -1.044983 0.389369
-1.812874 -1.368055 0.442058
-1.844308 -1.691039 0.494624
-1.282898 1.183792 -0.035173
-1.314371 0.860736 0.016714
-1.345874 0.537558 0.068526
-1.377402 0.214289 0.120259
-1.408954 -0.109042 0.171907
-1.440527 -0.432404 0.223467
-1.472117 -0.755766 0.274935
-1.503723 -1.079098 0.326306
-1.535341 -1.402370 0.377575
-1.566969 -1.725551 0.428739
-1.003946 1.151209 -0.087495
-1.035565 0.827927 -0.037170
-1.067221 0.504528 0.013101
-1.098911 0.181041 0.063315
-1.130632 -0.142504 0.113464
-1.162380 -0.466076 0.163546
-1.194151 -0.789645 0.213554
-1.225942 -1.113181 0.263483
-1.257751 -1.436654 0.313328
-1.289573 -1.760033 0.363084
-0.724957 1.118651 -0.139628
-0.756721 0.795143 -0.090870
-0.788530 0.471521 -0.042142
-0.820381 0.147816 0.006550
-0.852269 -0.175943 0.055200
-0.884191 -0.499725 0.103801
-0.916142 -0.823502 0.152348
-0.948119 -1.147242 0.200835
-0.980116 -1.470916 0.249255
-1.012132 -1.794492 0.297603
-0.445929 1.086120 -0.191565
-0.477837 0.762384 -0.144380
-0.509800 0.438540 -0.097202
-0.541812 0.114615 -0.050039
-0.573869 -0.209359 -0.002896
-0.605966 -0.533353 0.044218
-0.638097 -0.857338 0.091297
-0.670260 -1.181283 0.138335
-0.702448 -1.505158 0.185324
-0.734657 -1.828934 0.232257
-0.166846 1.053623 -0.243246
-0.198901 0.729659 -0.197643
-0.231019 0.405589 -0.152027
-0.263195 0.081444 -0.106405
-0.295423 -0.242748 -0.060787
-0.327698 -0.566956 -0.015178
-0.360014 -0.891152 0.030415
-0.392367 -1.215304 0.075983
-0.424750 -1.539384 0.121519
-0.457158 -1.863362 0.167017
0.112295 1.021163 -0.294656
0.080093 0.696968 -0.250643
0.047817 0.372672 -0.206603
0.015473 0.048303 -0.162543
-0.016931 -0.276109 -0.118469
-0.049390 -0.600535 -0.074389
-0.081897 -0.924944 -0.030309
-0.114445 -1.249308 0.013762
-0.147030 -1.573596 0.057819
-0.179643 -1.897779 0.101854
0.391467 0.988723 -0.345914
0.359117 0.664297 -0.303501
0.326681 0.339773 -0.261046
0.294168 0.015179 -0.218558
0.261586 -0.309455 -0.176041
0.228940 -0.634100 -0.133503
0.196240 -0.958726 -0.090949
0.163491 -1.283303 -0.048388
0.130702 -1.607801 -0.005824
0.097881 -1.932191 0.036734
0.670643 0.956284 -0.397159
0.638143 0.631627 -0.356350
0.605547 0.306874 -0.315486
0.572864 -0.017945 -0.274571
0.540102 -0.342802 -0.233613
0.507270 -0.667666 -0.192617
0.474376 -0.992507 -0.151589
0.441428 -1.317297 -0.110535
0.408436 -1.642004 -0.069461
0.375407 -1.966601 -0.028374
0.949814 0.923843 -0.448424
0.917163 0.598953 -0.409225
0.884406 0.273971 -0.369954
0.851552 -0.051074 -0.330617
0.818611 -0.376152 -0.291217
0.785592 -0.701235 -0.251762
0.752505 -1.026292 -0.212257
0.719360 -1.351294 -0.172707
0.686165 -1.676211 -0.133119
0.652931 -2.001012 -0.093497
1.228991 0.891405 -0.499664
1.196187 0.566282 -0.462084
1.163267 0.241070 -0.424414
1.130241 -0.084202 -0.386660
1.097118 -0.409504 -0.348828
1.063911 -0.734806 -0.310921
1.030630 -1.060080 -0.272945
0.997284 -1.385295 -0.234906
0.963885 -1.710421 -0.196808
0.930444 -2.035429 -0.158656
1.508179 0.858974 -0.550852
1.475221 0.533616 -0.514900
1.442135 0.208172 -0.478842
1.408934 -0.117328 -0.442684
1.375628 -0.442854 -0.406429
1.342230 -0.768378 -0.370083
1.308750 -1.093870 -0.333649
1.275202 -1.419299 -0.297132
1.241596 -1.744636 -0.260537
1.207944 -2.069853 -0.223868
1.787369 0.826545 -0.602027
1.754255 0.500951 -0.567711
1.721003 0.175275 -0.533273
1.687625 -0.150455 -0.498717
1.654134 -0.476207 -0.464047
1.620543 -0.801953 -0.429266
1.586865 -1.127663 -0.394379
1.553112 -1.453307 -0.359390
1.519298 -1.778857 -0.324302
1.485434 -2.104281 -0.289120
2.066551 0.794112 -0.653235
2.033280 0.468280 -0.620564
1.999860 0.142371 -0.587750
1.966305 -0.183588 -0.554798
1.932630 -0.509565 -0.521711
1.898847 -0.835533 -0.488494
1.864971 -1.161462 -0.455150
1.831016 -1.487321 -0.421683
1.796994 -1.813081 -0.388098
1.762920 -2.138714 -0.354397
2.345723 0.761674 -0.704481
2.312294 0.435605 -0.673457
2.278707 0.109462 -0.642268
2.244977 -0.216726 -0.610919
2.211118 -0.542929 -0.579413
2.177145 -0.869118 -0.547754
2.143073 -1.195264 -0.515947
2.108917 -1.521337 -0.483996
2.074690 -1.847308 -0.451906
2.040407 -2.173147 -0.419679
2.624895 0.729236 -0.755724
2.591308 0.402929 -0.726350
2.557554 0.076552 -0.696787
2.523648 -0.249865 -0.667039
2.489607 -0.576293 -0.637111
2.455445 -0.902703 -0.607009
2.421178 -1.229066 -0.576737
2.386821 -1.555352 -0.546299
2.352390 -1.881532 -0.515701
2.317899 -2.207578 -0.484947
2.904071 0.696802 -0.806944
2.870325 0.370256 -0.779220
2.836405 0.043646 -0.751282
2.802325 -0.283000 -0.723135
2.768101 -0.609653 -0.694786
2.733751 -0.936284 -0.666240
2.699289 -1.262864 -0.637502
2.664732 -1.589364 -0.608578
2.630096 -1.915754 -0.579473
2.595397 -2.242007 -0.550194
3.183245 0.664366 -0.858171
3.149341 0.337582 -0.832101
3.115253 0.010738 -0.805791
3.080997 -0.316137 -0.779249
3.046592 -0.643016 -0.752480
3.012052 -0.969868 -0.725491
2.977395 -1.296665 -0.698289
2.942638 -1.623379 -0.670880
2.907797 -1.949979 -0.643271
2.872890 -2.276439 -0.615467
3.462408 0.631925 -0.909443
3.428344 0.304901 -0.885037
3.394087 -0.022178 -0.860364
3.359655 -0.349284 -0.835432
3.325065 -0.676388 -0.810249
3.290335 -1.003462 -0.784821
3.255483 -1.330477 -0.759157
3.220525 -1.657404 -0.733265
3.185479 -1.984216 -0.707151
3.150362 -2.310882 -0.680824
3.741560 0.599476 -0.960769
3.707332 0.272211 -0.938038
3.672905 -0.055105 -0.915011
3.638295 -0.382442 -0.891697
3.603520 -0.709773 -0.868104
3.568599 -1.037069 -0.844243
3.533549 -1.364302 -0.820120
3.498389 -1.691443 -0.795746
3.463137 -2.018465 -0.771130
3.427811 -2.345338 -0.746279
4.020703 0.567022 -1.012136
3.986312 0.239514 -0.991086
3.951712 -0.088038 -0.969709
3.916922 -0.415607 -0.948018
3.881961 -0.743165 -0.926021
3.846847 -1.070684 -0.903729
3.811600 -1.398135 -0.881152
3.776237 -1.725491 -0.858301
3.740777 -2.052724 -0.835184
3.705239 -2.379804 -0.811813
4.299840 0.534563 -1.063534
4.265284 0.206813 -1.044167
4.230510 -0.120976 -1.024445
4.195540 -0.448777 -1.004379
4.160392 -0.776563 -0.983981
4.125085 -1.104305 -0.963263
4.089638 -1.431976 -0.942235
4.054070 -1.759547 -0.920910
4.018403 -2.086991 -0.899297
3.982652 -2.414279 -0.877410
4.578968 0.502098 -1.114981
4.544245 0.174105 -1.097301
4.509298 -0.153922 -1.079236
4.474146 -0.481956 -1.060799
4.438809 -0.809969 -1.042002
4.403308 -1.137935 -1.022859
4.367661 -1.465825 -1.003382
4.331889 -1.793611 -0.983584
4.296012 -2.121266 -0.963477
4.260049 -2.448762 -0.943075
4.858080 0.469624 -1.166500
4.823189 0.141387 -1.150513
4.788067 -0.186878 -1.134109
4.752733 -0.515145 -1.117303
4.717208 -0.843387 -1.100108
4.681512 -1.171576 -1.082540
4.645666 -1.499685 -1.064612
4.609689 -1.827686 -1.046339
4.573603 -2.155552 -1.027735
4.537426 -2.483256 -1.008814
5.137174 0.437138 -1.218102
5.102114 0.108657 -1.203814
5.066816 -0.219847 -1.189075
5.031299 -0.548348 -1.173902
4.995585 -0.876817 -1.158311
4.959695 -1.205230 -1.142317
4.923648 -1.533557 -1.125937
4.887467 -1.861772 -1.109186
4.851172 -2.189849 -1.092081
4.814785 -2.517760 -1.074639
5.416250 0.404641 -1.269788
5.381020 0.075914 -1.257205
5.345544 -0.252829 -1.244136
5.309844 -0.581563 -1.230599
5.273940 -0.910261 -1.216612
5.237855 -1.238897 -1.202194
5.201608 -1.567443 -1.187361
5.165223 -1.895872 -1.172132
5.128719 -2.224159 -1.156524
5.092119 -2.552277 -1.140557
5.695309 0.372133 -1.321558
5.659908 0.043160 -1.310684
5.624253 -0.285823 -1.299288
5.588368 -0.614791 -1.287390
5.552274 -0.943717 -1.275009
5.515992 -1.272576 -1.262166
5.479545 -1.601341 -1.248881
5.442955 -1.929985 -1.235173
5.406242 -2.258482 -1.221063
5.369430 -2.586806 -1.206570
5.974354 0.339615 -1.373399
5.938780 0.010397 -1.364234
5.902947 -0.318826 -1.354511
5.866877 -0.648028 -1.344250
5.830592 -0.977183 -1.333475
5.794114 -1.306265 -1.322206
5.757467 -1.635248 -1.310467
5.720671 -1.964106 -1.298278
5.683750 -2.292813 -1.285662
5.646726 -2.621342 -1.272640
6.253388 0.307090 -1.425294
6.217642 -0.022374 -1.417836
6.181630 -0.351836 -1.409781
6.145376 -0.681271 -1.401154
6.108901 -1.010653 -1.391979
6.072229 -1.339958 -1.382280
6.035382 -1.669158 -1.372081
5.998383 -1.998229 -1.361405
5.961255 -2.327146 -1.350278
5.924020 -2.655881 -1.338722
6.532414 0.274559 -1.477227
6.496496 -0.055149 -1.471470
6.460308 -0.384849 -1.465079
6.423870 -0.714517 -1.458080
6.387206 -1.044126 -1.450501
6.350341 -1.373652 -1.442366
6.313296 -1.703070 -1.433702
6.276094 -2.032354 -1.424535
6.238759 -2.361478 -1.414891
6.201315 -2.690418 -1.404796
6.811438 0.242026 -1.529180
6.775350 -0.087926 -1.525118
6.738984 -0.417864 -1.520387
6.702363 -0.747763 -1.515014
6.665511 -1.077600 -1.509028
6.628450 -1.407348 -1.502456
6.591207 -1.736982 -1.495327
6.553803 -2.066478 -1.487669
6.516262 -2.395811 -1.479510
6.478608 -2.724956 -1.470878
7.090464 0.209493 -1.581136
7.054205 -0.120703 -1.578764
7.017661 -0.450878 -1.575690
6.980857 -0.781010 -1.571942
6.943815 -1.111073 -1.567551
6.906560 -1.441043 -1.562546
6.869116 -1.770895 -1.556957
6.831508 -2.100604 -1.550814
6.793758 -2.430146 -1.544145
6.755893 -2.759496 -1.536982
7.369492 0.176959 -1.633089
7.333064 -0.153479 -1.632404
7.296342 -0.483891 -1.630986
7.259352 -0.814255 -1.628866
7.222119 -1.144546 -1.626074
7.184667 -1.474738 -1.622642
7.147021 -1.804809 -1.618599
7.109205 -2.134732 -1.613978
7.071245 -2.464485 -1.608809
7.033166 -2.794042 -1.603123
7.648525 0.144426 -1.685036
7.611926 -0.186254 -1.686037
7.575025 -0.516904 -1.686277
7.537848 -0.847501 -1.685788
7.500421 -1.178019 -1.684602
7.462769 -1.508435 -1.682749
7.424918 -1.838725 -1.680262
7.386893 -2.168864 -1.677173
7.348720 -2.498828 -1.673513
7.310424 -2.828593 -1.669313
7.927570 0.111899 -1.736940
7.890799 -0.219024 -1.739628
7.853717 -0.549912 -1.741532
7.816351 -0.880742 -1.742683
7.778727 -1.211490 -1.743112
7.740872 -1.542132 -1.742851
7.702812 -1.872643 -1.741933
7.664573 -2.202999 -1.740390
7.626183 -2.533176 -1.738252
7.587667 -2.863151 -1.735553
8.206642 0.079387 -1.788725
8.169698 -0.251780 -1.793109
8.132432 -0.582907 -1.796687
8.094873 -0.913973 -1.799491
8.057048 -1.244952 -1.801553
8.018984 -1.575821 -1.802904
7.980710 -1.906556 -1.803576
7.942252 -2.237132 -1.803599
7.903638 -2.567526 -1.803005
7.864896 -2.897713 -1.801826
8.485758 0.046900 -1.840320
8.448636 -0.284511 -1.846411
8.411183 -0.615880 -1.851680
8.373426 -0.947184 -1.856158
8.335395 -1.278398 -1.859876
8.297116 -1.609498 -1.862862
8.258621 -1.940460 -1.865149
8.219938 -2.271260 -1.866765
8.181094 -2.601873 -1.867742
8.142120 -2.932275 -1.868109
8.764921 0.014446 -1.891678
8.727621 -0.317213 -1.899492
8.689978 -0.648827 -1.906471
8.652020 -0.980371 -1.912642
8.613778 -1.311823 -1.918034
8.575282 -1.643156 -1.922677
8.536561 -1.974348 -1.926599
8.497647 -2.305374 -1.929828
8.458570 -2.636209 -1.932395
8.419359 -2.966829 -1.934327
9.044136 -0.017971 -1.942760
9.006658 -0.349881 -1.952320
8.968823 -0.681741 -1.961026
8.930662 -1.013529 -1.968905
8.892208 -1.345219 -1.975987
8.853492 -1.676789 -1.982298
8.814546 -2.008212 -1.987865
8.775401 -2.339465 -1.992717
8.736089 -2.670523 -1.996882
8.696641 -3.001363 -2.000386
9.323404 -0.050349 -1.993554
9.285745 -0.382511 -2.004873
9.247720 -0.714620 -2.015317
9.209359 -1.046652 -2.024912
9.170696 -1.378583 -2.033686
9.131763 -1.710388 -2.041665
9.092594 -2.042042 -2.048878
9.053221 -2.373522 -2.055350
9.013676 -2.704804 -2.061109
8.973993 -3.035863 -2.066182
9.602721 -0.082690 -2.044081
9.564887 -0.415105 -2.057154
9.526675 -0.747461 -2.069326
9.488119 -1.079736 -2.080624
9.449253 -1.411905 -2.091077
9.410109 -1.743944 -2.100710
9.370724 -2.075828 -2.109552
9.331129 -2.407534 -2.117628
9.291358 -2.739037 -2.124968
9.251446 -3.070313 -2.131596
9.882079 -0.115000 -2.094377
9.844077 -0.447664 -2.109181
9.805687 -0.780265 -2.123056
9.766945 -1.112779 -2.136031
9.727884 -1.445183 -2.148135
9.688540 -1.777453 -2.159394
9.648947 -2.109563 -2.169837
9.609140 -2.441491 -2.179492
9.569151 -2.773213 -2.188386
9.529019 -3.104703 -2.196548
10.161460 -0.147293 -2.144551
10.123290 -0.480204 -2.161064
10.084730 -0.813046 -2.176621
10.045810 -1.145797 -2.191250
10.006560 -1.478433 -2.204980
9.967024 -1.810930 -2.217842
9.927232 -2.143264 -2.229862
9.887219 -2.475411 -2.241072
9.847022 -2.807348 -2.251499
9.806675 -3.139051 -2.261173
10.440840 -0.179586 -2.194728
10.402510 -0.512742 -2.212941
10.363780 -0.845825 -2.230167
10.324680 -1.178811 -2.246439
10.285250 -1.511677 -2.261785
10.245520 -1.844400 -2.276235
10.205530 -2.176956 -2.289821
10.165320 -2.509321 -2.302572
10.124910 -2.841471 -2.314518
10.084360 -3.173384 -2.325690
10.720190 -0.211911 -2.245128
10.681700 -0.545312 -2.265039
10.642790 -0.878635 -2.283942
10.603500 -1.211857 -2.301868
10.563880 -1.544956 -2.318847
10.523950 -1.877907 -2.334908
10.483750 -2.210687 -2.350081
10.443330 -2.543272 -2.364395
10.402710 -2.875639 -2.377881
10.361940 -3.207764 -2.390568
10.999460 -0.244311 -2.296064
10.960790 -0.577957 -2.317687
10.921690 -0.911524 -2.338305
10.882190 -1.244990 -2.357946
10.842340 -1.578330 -2.376634
10.802180 -1.911520 -2.394394
10.761750 -2.244536 -2.411250
10.721080 -2.577354 -2.427228
10.680210 -2.909949 -2.442352
10.639190 -3.242298 -2.456647
11.278610 -0.276822 -2.347808
11.239730 -0.610720 -2.371198
11.200390 -0.944542 -2.393613
11.160650 -1.278263 -2.415068
11.120540 -1.611858 -2.435578
11.080100 -1.945302 -2.455161
11.039380 -2.278569 -2.473830
10.998420 -2.611635 -2.491601
10.957260 -2.944474 -2.508489
10.915950 -3.277061 -2.524510
11.557520 -0.309464 -2.400539
11.518400 -0.643638 -2.425875
11.478810 -0.977732 -2.450221
11.438790 -1.311721 -2.473587
11.398400 -1.645580 -2.495984
11.357680 -1.979281 -2.517422
11.316660 -2.312801 -2.537910
11.275410 -2.646113 -2.557459
11.233970 -2.979190 -2.576077
11.192370 -3.312008 -2.593775
11.836040 -0.342297 -2.454748
11.796660 -0.676767 -2.482169
11.756810 -1.011140 -2.508489
11.716550 -1.345393 -2.533726
11.675920 -1.679501 -2.557897
11.634960 -2.013440 -2.581021
11.593730 -2.347184 -2.603112
11.552250 -2.680710 -2.624190
11.510590 -3.013992 -2.644271
11.468780 -3.347005 -2.663371
12.113850 -0.375524 -2.511943
12.074300 -0.710234 -2.541034
12.034320 -1.044821 -2.568834
11.993950 -1.379265 -2.595382
11.953240 -1.713544 -2.620721
11.912210 -2.047637 -2.644892
11.870920 -2.381522 -2.667936
11.829410 -2.715178 -2.689893
11.787700 -3.048583 -2.710805
11.745850 -3.381715 -2.730713
12.391050 -0.409115 -2.571881
12.351400 -0.744009 -2.602227
12.311380 -1.078748 -2.631049
12.271020 -1.413318 -2.658421
12.230340 -1.747701 -2.684417
12.189380 -2.081879 -2.709113
12.148170 -2.415837 -2.732583
12.106740 -2.749556 -2.754901
12.065130 -3.083019 -2.776143
12.023360 -3.416210 -2.796384
12.668370 -0.442647 -2.631352
12.628540 -0.777775 -2.663344
12.588360 -1.112725 -2.693637
12.547870 -1.447484 -2.722322
12.507090 -1.782037 -2.749493
12.466050 -2.116369 -2.775242
12.424770 -2.450466 -2.799662
12.383280 -2.784312 -2.822846
12.341620 -3.117893 -2.844886
12.299810 -3.451195 -2.865877
12.946040 -0.476058 -2.689835
12.906060 -0.811387 -2.723232
12.865700 -1.146541 -2.754963
12.825010 -1.481507 -2.785115
12.784020 -1.816268 -2.813773
12.742750 -2.150810 -2.841025
12.701240 -2.485116 -2.866955
12.659510 -2.819172 -2.891650
12.617600 -3.152961 -2.915196
12.575540 -3.486468 -2.937680
13.223960 -0.509423 -2.747878
13.183720 -0.844988 -2.782960
13.143060 -1.180396 -2.816535
13.102010 -1.515632 -2.848665
13.060600 -1.850676 -2.879411
13.018890 -2.185510 -2.908836
12.976900 -2.520116 -2.936999
12.934680 -2.854474 -2.963964
12.892260 -3.188567 -2.989791
12.849690 -3.522375 -3.014541
13.498770 -0.542947 -2.808745
13.458480 -0.878624 -2.844603
13.417620 -1.214220 -2.879515
13.376240 -1.549706 -2.913477
13.334390 -1.885056 -2.946480
13.292140 -2.220242 -2.978519
13.249540 -2.555237 -3.009585
13.206650 -2.890013 -3.039672
13.163520 -3.224542 -3.068771
13.120210 -3.558798 -3.096876
13.351210 -0.551417 -2.949408
13.311080 -0.886972 -2.984368
13.270440 -1.222363 -3.017816
13.229320 -1.557572 -3.049811
13.187770 -1.892581 -3.080411
13.145820 -2.227369 -3.109673
13.103500 -2.561918 -3.137655
13.060860 -2.896208 -3.164415
13.017930 -3.230221 -3.190010
12.974760 -3.563936 -3.214498
13.061510 -0.528921 -2.969349
13.021230 -0.864233 -3.002809
12.980400 -1.199378 -3.034757
12.939060 -1.534339 -3.065245
12.897270 -1.869094 -3.094326
12.855060 -2.203625 -3.122052
12.812480 -2.537912 -3.148475
12.769560 -2.871936 -3.173648
12.726350 -3.205676 -3.197622
12.682900 -3.539114 -3.220450
12.773210 -0.505735 -2.983964
12.732770 -0.840729 -3.015434
12.691800 -1.175565 -3.045431
12.650350 -1.510222 -3.074001
12.608450 -1.844679 -3.101193
12.566140 -2.178917 -3.127055
12.523480 -2.512916 -3.151635
12.480500 -2.846655 -3.174981
12.437240 -3.180114 -3.197142
12.393750 -3.513272 -3.218165
12.484910 -0.481972 -2.994795
12.444270 -0.816559 -3.023715
12.403120 -1.151030 -3.051427
12.361520 -1.485360 -3.077952
12.319480 -1.819527 -3.103312
12.277070 -2.153504 -3.127529
12.234310 -2.487268 -3.150625
12.191250 -2.820794 -3.172622
12.147940 -3.154058 -3.193540
12.104400 -3.487035 -3.213402
12.196420 -0.458783 -3.009504
12.155590 -0.792994 -3.036069
12.114270 -1.127103 -3.061505
12.072510 -1.461084 -3.085830
12.030350 -1.794913 -3.109060
11.987820 -2.128565 -3.131209
11.944960 -2.462013 -3.152293
11.901820 -2.795232 -3.172327
11.858440 -3.128197 -3.191326
11.814850 -3.460881 -3.209305
11.907880 -0.435746 -3.025226
11.866910 -0.769625 -3.049700
11.825480 -1.103385 -3.072921
11.783620 -1.437003 -3.094923
11.741380 -1.770457 -3.115738
11.698790 -2.103723 -3.135398
11.655890 -2.436778 -3.153938
11.612720 -2.769600 -3.171389
11.569320 -3.102166 -3.187785
11.525720 -3.434452 -3.203157
11.619160 -0.411852 -3.035454
11.578090 -0.745397 -3.057792
11.536580 -1.078809 -3.078782
11.494670 -1.412070 -3.098474
11.452390 -1.745158 -3.116916
11.409770 -2.078052 -3.134158
11.366870 -2.410733 -3.150247
11.323710 -2.743180 -3.165234
11.280330 -3.075371 -3.179166
11.236770 -3.407287 -3.192093
11.330460 -0.387157 -3.040416
11.289310 -0.720363 -3.060583
11.247730 -1.053441 -3.079421
11.205770 -1.386372 -3.096981
11.163460 -1.719135 -3.113315
11.120830 -2.051710 -3.128473
11.077920 -2.384076 -3.142507
11.034760 -2.716214 -3.155468
10.991400 -3.048103 -3.167407
10.947860 -3.379722 -3.178376
11.041860 -0.361912 -3.041713
11.000630 -0.694777 -3.059697
10.958990 -1.027535 -3.076479
10.916970 -1.360164 -3.092098
10.874610 -1.692643 -3.106595
10.831940 -2.024948 -3.120008
10.789010 -2.357058 -3.132376
10.745840 -2.688950 -3.143739
10.702470 -3.020603 -3.154136
10.658940 -3.351994 -3.163606
10.753330 -0.336336 -3.040809
10.712020 -0.668855 -3.056567
10.670320 -1.001293 -3.071294
10.628240 -1.333627 -3.085013
10.585840 -1.665832 -3.097745
10.543140 -1.997883 -3.109513
10.500180 -2.329756 -3.120339
10.456990 -2.661424 -3.130245
10.413610 -2.992864 -3.139252
10.370090 -3.324050 -3.147383
10.464790 -0.310662 -3.039268
10.423420 -0.642832 -3.052780
10.381660 -0.974946 -3.065414
10.339550 -1.306979 -3.077179
10.297110 -1.638902 -3.088083
10.254390 -1.970688 -3.098133
10.211410 -2.302312 -3.107337
10.168220 -2.633744 -3.115701
10.124850 -2.964959 -3.123233
10.081330 -3.295929 -3.129941
10.176170 -0.285164 -3.038923
10.134750 -0.616996 -3.050252
10.092950 -0.948786 -3.060790
10.050800 -1.280508 -3.070538
10.008340 -1.612132 -3.079499
9.965610 -1.943631 -3.087673
9.922637 -2.274978 -3.095060
9.879459 -2.606142 -3.101661
9.836109 -2.937097 -3.107478
9.792623 -3.267814 -3.112510
9.887453 -0.259993 -3.040784
9.845975 -0.591505 -3.050046
9.804135 -0.922975 -3.058510
9.761966 -1.254378 -3.066182
9.719501 -1.585685 -3.073068
9.676774 -1.916869 -3.079173
9.633820 -2.247902 -3.084500
9.590670 -2.578757 -3.089055
9.547360 -2.909405 -3.092843
9.503924 -3.239820 -3.095869
9.598704 -0.234886 -3.043075
9.557175 -0.566085 -3.050318
9.515302 -0.897238 -3.056722
9.473116 -1.228319 -3.062299
9.430651 -1.559302 -3.067062
9.387936 -1.890160 -3.071025
9.345008 -2.220867 -3.074201
9.301896 -2.551395 -3.076602
9.258636 -2.881720 -3.078241
9.215259 -3.211815 -3.079131
9.310005 -0.209509 -3.043569
9.268430 -0.540389 -3.048755
9.226527 -0.871224 -3.053092
9.184327 -1.201988 -3.056599
9.141861 -1.532654 -3.059291
9.099161 -1.863198 -3.061187
9.056259 -2.193592 -3.062302
9.013186 -2.523812 -3.062654
8.969976 -2.853831 -3.062259
8.926658 -3.183622 -3.061135
9.021393 -0.183769 -3.041640
8.979777 -0.514323 -3.044707
8.937848 -0.844838 -3.046970
8.895635 -1.175290 -3.048444
8.853169 -1.505653 -3.049144
8.810482 -1.835899 -3.049084
8.767605 -2.166002 -3.048280
8.724568 -2.495937 -3.046745
8.681403 -2.825676 -3.044493
8.638141 -3.155194 -3.041541
8.732843 -0.157781 -3.038051
8.691193 -0.488005 -3.038974
8.649241 -0.818202 -3.039163
8.607020 -1.148346 -3.038630
8.564557 -1.478411 -3.037382
8.521884 -1.808370 -3.035428
8.479032 -2.138194 -3.032779
8.436031 -2.467857 -3.029443
8.392911 -2.797330 -3.025428
8.349705 -3.126588 -3.020744
8.444319 -0.131660 -3.033572
8.402640 -0.461555 -3.032361
8.360673 -0.791435 -3.030488
8.318447 -1.121275 -3.027956
8.275992 -1.451045 -3.024769
8.233338 -1.780717 -3.020932
8.190515 -2.110263 -3.016446
8.147555 -2.439655 -3.011315
8.104486 -2.768865 -3.005543
8.061339 -3.097865 -2.999132
8.155785 -0.105501 -3.028849
8.114082 -0.435073 -3.025540
8.072105 -0.764640 -3.021616
8.029883 -1.094173 -3.017080
7.987443 -1.423645 -3.011930
7.944817 -1.753025 -3.006168
7.902034 -2.082286 -2.999793
7.859122 -2.411400 -2.992806
7.816114 -2.740336 -2.985206
7.773036 -3.069066 -2.976994
7.867205 -0.079387 -3.024453
7.825484 -0.408646 -3.019103
7.783506 -0.737902 -3.013145
7.741295 -1.067127 -3.006581
7.698882 -1.396293 -2.999413
7.656295 -1.725370 -2.991643
7.613563 -2.054331 -2.983272
7.570716 -2.383147 -2.974303
7.527782 -2.711790 -2.964736
7.484790 -3.040230 -2.954573
7.578597 -0.053266 -3.020024
7.536865 -0.382220 -3.012680
7.494892 -0.711167 -3.004699
7.452704 -1.040082 -2.996089
7.410327 -1.368935 -2.986859
7.367793 -1.697701 -2.977014
7.325126 -2.026350 -2.966562
7.282356 -2.354855 -2.955510
7.239511 -2.683188 -2.943865
7.196618 -3.011321 -2.931634
7.290028 -0.026959 -3.014355
7.248294 -0.355608 -3.005019
7.206335 -0.684249 -2.995019
7.164177 -1.012854 -2.984368
7.121847 -1.341398 -2.973078
7.079372 -1.669852 -2.961162
7.036780 -1.998191 -2.948634
6.994096 -2.326386 -2.935504
6.951348 -2.654411 -2.921786
6.908563 -2.982239 -2.907493
7.001566 -0.000318 -3.006436
6.959840 -0.328659 -2.995076
6.917905 -0.656993 -2.983053
6.875786 -0.985293 -2.970382
6.833509 -1.313534 -2.957078
6.791099 -1.641687 -2.943156
6.748585 -1.969728 -2.928630
6.705990 -2.297628 -2.913516
6.663342 -2.625360 -2.897827
6.620666 -2.952900 -2.881580
6.713236 0.026671 -2.996160
6.671530 -0.301357 -2.982741
6.629629 -0.629384 -2.968692
6.587556 -0.957384 -2.954026
6.545337 -1.285330 -2.938757
6.502998 -1.613194 -2.922898
6.460563 -1.940950 -2.906463
6.418059 -2.268570 -2.889465
6.375511 -2.596028 -2.871917
6.332945 -2.923296 -2.853833
6.425047 0.053990 -2.983645
6.383374 -0.273722 -2.968139
6.341516 -0.601444 -2.952063
6.299497 -0.929147 -2.935425
6.257341 -1.256805 -2.918236
6.215075 -1.584390 -2.900503
6.172724 -1.911873 -2.882236
6.130311 -2.239228 -2.863443
6.087864 -2.566425 -2.844135
6.045406 -2.893439 -2.824319
6.136977 0.081572 -2.969338
6.095347 -0.245824 -2.951735
6.053542 -0.573241 -2.933636
6.011585 -0.900651 -2.915042
5.969500 -1.228026 -2.895957
5.927313 -1.555337 -2.876385
5.885048 -1.882554 -2.856328
5.842731 -2.209651 -2.835790
5.800388 -2.536597 -2.814773
5.758042 -2.863364 -2.793280
5.848966 0.109305 -2.954007
5.807388 -0.217779 -2.934329
5.765644 -0.544894 -2.914217
5.723757 -0.872012 -2.893668
5.681752 -1.199103 -2.872683
5.639654 -1.526139 -2.851258
5.597487 -1.853089 -2.829393
5.555276 -2.179924 -2.807086
5.513047 -2.506616 -2.784334
5.470823 -2.833133 -2.761136
5.560962 0.137105 -2.938234
5.519442 -0.189673 -2.916525
5.477767 -0.516490 -2.894416
5.435962 -0.843315 -2.871905
5.394049 -1.170120 -2.848987
5.352054 -1.496874 -2.825661
5.309999 -1.823548 -2.801923
5.267910 -2.150112 -2.777769
5.225811 -2.476537 -2.753196
5.183725 -2.802792 -2.728202
5.272989 0.165009 -2.921765
5.231534 -0.161471 -2.898062
5.189938 -0.487992 -2.873973
5.148224 -0.814525 -2.849494
5.106415 -1.141041 -2.824624
5.064535 -1.467509 -2.799361
5.022606 -1.793901 -2.773702
4.980653 -2.120187 -2.747645
4.938698 -2.446336 -2.721189
4.896766 -2.772321 -2.694330
4.985095 0.193082 -2.904138
4.943713 -0.133103 -2.878462
4.902204 -0.459331 -2.852403
4.860591 -0.785573 -2.825962
4.818896 -1.111800 -2.799137
4.777141 -1.437983 -2.771928
4.735349 -1.764091 -2.744336
4.693543 -2.090097 -2.716360
4.651744 -2.415970 -2.687999
4.609976 -2.741680 -2.659254
4.697319 0.221372 -2.885026
4.656017 -0.104520 -2.857388
4.614605 -0.430458 -2.829370
4.573102 -0.756411 -2.800975
4.531529 -1.082352 -2.772205
4.489909 -1.408251 -2.743060
4.448263 -1.734079 -2.713545
4.406611 -2.059806 -2.683658
4.364977 -2.385404 -2.653403
4.323381 -2.710843 -2.622782
4.409684 0.249904 -2.864247
4.368475 -0.075698 -2.834652
4.327169 -0.401347 -2.804684
4.285784 -0.727015 -2.774350
4.244343 -1.052672 -2.743650
4.202865 -1.378291 -2.712589
4.161372 -1.703842 -2.681170
4.119883 -2.029295 -2.649396
4.078420 -2.354623 -2.617270
4.037003 -2.679795 -2.584795
4.122219 0.278697 -2.841657
4.081112 -0.046615 -2.810107
4.039921 -0.371978 -2.778200
3.998665 -0.697363 -2.745940
3.957363 -1.022742 -2.713332
3.916035 -1.348085 -2.680379
3.874701 -1.673363 -2.647085
3.833381 -1.998548 -2.613454
3.792095 -2.323610 -2.579490
3.750863 -2.648521 -2.545197
3.834933 0.307752 -2.817251
3.793940 -0.017272 -2.783748
3.752875 -0.342351 -2.749910
3.711755 -0.667456 -2.715739
3.670601 -0.992559 -2.681239
3.629431 -1.317630 -2.646415
3.588264 -1.642641 -2.611271
3.547119 -1.967562 -2.575811
3.506017 -2.292364 -2.540037
3.464976 -2.617018 -2.503955
3.547833 0.337063 -2.791062
3.506965 0.012326 -2.755610
3.466036 -0.312471 -2.719847
3.425064 -0.637299 -2.683774
3.384066 -0.962129 -2.647397
3.343062 -1.286932 -2.610717
3.302071 -1.611678 -2.573740
3.261110 -1.936338 -2.536469
3.220198 -2.260884 -2.498906
3.179355 -2.585286 -2.461056
3.260929 0.366627 -2.763106
3.220196 0.042174 -2.725709
3.179414 -0.282342 -2.688026
3.138599 -0.606895 -2.650060
3.097767 -0.931455 -2.611815
3.056939 -1.255991 -2.573293
3.016132 -1.580476 -2.534497
2.975363 -1.904879 -2.495430
2.934651 -2.229172 -2.456094
2.894013 -2.553324 -2.416494
2.974231 0.396442 -2.733380
2.933645 0.072274 -2.694040
2.893020 -0.251965 -2.654443
2.852372 -0.576245 -2.614593
2.811717 -0.900536 -2.574491
2.771073 -1.224809 -2.534138
2.730458 -1.549035 -2.493537
2.689890 -1.873184 -2.452689
2.649384 -2.197227 -2.411597
2.608960 -2.521133 -2.370262
2.687751 0.426510 -2.701879
2.647324 0.102623 -2.660600
2.606867 -0.221339 -2.619097
2.566395 -0.545348 -2.577371
2.525925 -0.869374 -2.535422
2.485476 -1.193386 -2.493250
2.445062 -1.517356 -2.450858
2.404701 -1.841254 -2.408244
2.364411 -2.165050 -2.365410
2.324207 -2.488713 -2.322356
2.401498 0.456827 -2.668610
2.361240 0.133220 -2.625402
2.320961 -0.190468 -2.582002
2.280676 -0.514208 -2.538409
2.240402 -0.837971 -2.494623
2.200155 -1.161725 -2.450644
2.159952 -1.485442 -2.406470
2.119809 -1.809091 -2.362100
2.079742 -2.132642 -2.317535
2.039768 -2.456065 -2.272774
2.115479 0.487392 -2.633584
2.075400 0.164062 -2.588462
2.035310 -0.159356 -2.543178
1.995223 -0.482830 -2.497729
1.955154 -0.806331 -2.452116
1.915121 -1.129830 -2.406335
1.875138 -1.453295 -2.360386
1.835223 -1.776696 -2.314267
1.795390 -2.100004 -2.267976
1.755655 -2.423188 -2.221511
1.829706 0.518204 -2.596799
1.789816 0.195147 -2.549781
1.749924 -0.128002 -2.502626
1.710045 -0.451214 -2.455335
1.670193 -0.774457 -2.407903
1.630384 -1.097701 -2.360329
1.590632 -1.420916 -2.312610
1.550954 -1.744072 -2.264745
1.511365 -2.067138 -2.216731
1.471879 -2.390084 -2.168565
1.544192 0.549264 -2.558237
1.504501 0.226477 -2.509338
1.464818 -0.096408 -2.460328
1.425157 -0.419358 -2.411205
1.385531 -0.742345 -2.361966
1.345956 -1.065337 -2.312608
1.306445 -1.388305 -2.263128
1.267015 -1.711217 -2.213525
1.227678 -2.034044 -2.163795
1.188451 -2.356754 -2.113936
1.258952 0.580575 -2.517880
1.219471 0.258053 -2.467116
1.180007 -0.064569 -2.416265
1.140573 -0.387262 -2.365323
1.101183 -0.709995 -2.314288
1.061851 -1.032738 -2.263158
1.022590 -1.355461 -2.211929
0.983415 -1.678132 -2.160599
0.944341 -2.000722 -2.109164
0.905380 -2.323199 -2.057622
0.974000 0.612136 -2.475716
0.934738 0.289877 -2.423105
0.895502 -0.032487 -2.370428
0.856305 -0.354925 -2.317683
0.817160 -0.677408 -2.264866
0.778080 -0.999905 -2.211976
0.739079 -1.322385 -2.159009
0.700169 -1.644817 -2.105963
0.661364 -1.967172 -2.052834
0.622678 -2.289417 -1.999621
0.689350 0.643948 -2.431734
0.650315 0.321948 -2.377297
0.611316 -0.000161 -2.322814
0.572365 -0.322348 -2.268282
0.533474 -0.644584 -2.213700
0.494655 -0.966837 -2.159063
0.455922 -1.289077 -2.104370
0.417286 -1.611273 -2.049618
0.378760 -1.933395 -1.994805
0.340356 -2.255412 -1.939929
0.405019 0.676014 -2.385901
0.366219 0.354268 -2.329664
0.327465 0.032410 -2.273399
0.288768 -0.289530 -2.217104
0.250138 -0.611522 -2.160775
0.211588 -0.933535 -2.104412
0.173129 -1.255539 -2.048012
0.134774 -1.577502 -1.991573
0.096534 -1.899395 -1.935093
0.058420 -2.221185 -1.878569
0.121033 0.708342 -2.338157
0.082476 0.386845 -2.280150
0.043973 0.065232 -2.222134
0.005534 -0.256466 -2.164106
-0.032830 -0.578220 -2.106065
-0.071108 -0.899999 -2.048009
-0.109288 -1.221772 -1.989936
-0.147360 -1.543507 -1.931844
-0.185313 -1.865176 -1.873731
-0.223135 -2.186746 -1.815596
-0.162584 0.740935 -2.288463
-0.200893 0.419682 -2.228715
-0.239141 0.098309 -2.168983
-0.277319 -0.223154 -2.109262
-0.315416 -0.544677 -2.049550
-0.353421 -0.866228 -1.989846
-0.391323 -1.187776 -1.930147
-0.429113 -1.509292 -1.870450
-0.466780 -1.830744 -1.810753
-0.504313 -2.152101 -1.751054
-0.445834 0.773784 -2.236886
-0.483890 0.452769 -2.175430
-0.521879 0.131630 -2.114013
-0.559792 -0.189603 -2.052633
-0.597618 -0.510899 -1.991286
-0.635348 -0.832229 -1.929970
-0.672972 -1.153559 -1.868682
-0.710480 -1.474860 -1.807418
-0.747860 -1.796101 -1.746174
-0.785105 -2.117251 -1.684949
-0.728728 0.806871 -2.183536
-0.766525 0.486091 -2.120398
-0.804250 0.165182 -2.057324
-0.841893 -0.155826 -1.994310
-0.879444 -0.476901 -1.931352
-0.916894 -0.798012 -1.868447
-0.954234 -1.119128 -1.805590
-0.991454 -1.440218 -1.742778
-1.028544 -1.761251 -1.680008
-1.065495 -2.082197 -1.617275
-1.011266 0.840191 -2.128460
-1.048799 0.519640 -2.063669
-1.086254 0.198956 -1.998961
-1.123620 -0.121829 -1.934334
-1.160890 -0.442685 -1.869783
-1.198055 -0.763581 -1.805304
-1.235105 -1.084486 -1.740893
-1.272031 -1.405368 -1.676547
-1.308824 -1.726196 -1.612261
-1.345475 -2.046939 -1.548030
-1.293428 0.873746 -2.071626
-1.330692 0.553420 -2.005206
-1.367871 0.232958 -1.938890
-1.404957 -0.087610 -1.872673
-1.441941 -0.408251 -1.806551
-1.478815 -0.728936 -1.740519
-1.515570 -1.049632 -1.674575
-1.552197 -1.370309 -1.608713
-1.588689 -1.690935 -1.542929
-1.625037 -2.011479 -1.477220
-1.575193 0.907540 -2.013001
-1.612184 0.587434 -1.944977
-1.649084 0.267190 -1.877077
-1.685885 -0.053164 -1.809295
-1.722579 -0.373595 -1.741627
-1.759159 -0.694073 -1.674070
-1.795616 -1.014565 -1.606618
-1.831943 -1.335041 -1.539267
-1.868132 -1.655469 -1.472012
-1.904174 -1.975818 -1.404849
-1.856552 0.941571 -1.952589
-1.893264 0.621682 -1.882986
-1.929880 0.301650 -1.813526
-1.966392 -0.018494 -1.744205
-2.002794 -0.338719 -1.675018
-2.039077 -0.658993 -1.605960
-2.075235 -0.979286 -1.537026
-2.111259 -1.299565 -1.468212
-2.147143 -1.619799 -1.399512
-2.182877 -1.939957 -1.330921
-2.137497 0.975834 -1.890412
-2.173926 0.656158 -1.819253
-2.210254 0.336335 -1.748259
-2.246475 0.016397 -1.677422
-2.282580 -0.303626 -1.606740
-2.318564 -0.623701 -1.536205
-2.354419 -0.943798 -1.465813
-2.390138 -1.263884 -1.395558
-2.425714 -1.583928 -1.325436
-2.461139 -1.903898 -1.255441
-2.418020 1.010328 -1.826484
-2.454163 0.690861 -1.753794
-2.490199 0.371243 -1.681288
-2.526124 0.051506 -1.608960
-2.561930 -0.268318 -1.536804
-2.597611 -0.588198 -1.464815
-2.633160 -0.908102 -1.392987
-2.668571 -1.227999 -1.321315
-2.703837 -1.547856 -1.249793
-2.738952 -1.867643 -1.178415
-2.698111 1.045051 -1.760807
-2.733963 0.725788 -1.686611
-2.769704 0.406371 -1.612618
-2.805330 0.086832 -1.538822
-2.840834 -0.232797 -1.465217
-2.876209 -0.552486 -1.391798
-2.911451 -0.872201 -1.318557
-2.946552 -1.191912 -1.245490
-2.981506 -1.511587 -1.172590
-3.016308 -1.831194 -1.099852
-2.977758 1.080001 -1.693385
-3.013316 0.760938 -1.617708
-3.048759 0.441719 -1.542253
-3.084084 0.122374 -1.467014
-3.119282 -0.197065 -1.391984
-3.154351 -0.516566 -1.317158
-3.189282 -0.836097 -1.242529
-3.224072 -1.155626 -1.168090
-3.258714 -1.475121 -1.093837
-3.293202 -1.794552 -1.019761
-3.256951 1.115177 -1.624226
-3.292213 0.796310 -1.547091
-3.327355 0.477284 -1.470198
-3.362376 0.158128 -1.393540
-3.397268 -0.161123 -1.317110
-3.432027 -0.480440 -1.240901
-3.466647 -0.799790 -1.164907
-3.501124 -1.119141 -1.089122
-3.535452 -1.438461 -1.013538
-3.569626 -1.757719 -0.938150
-3.535682 1.150575 -1.553339
-3.570643 0.831901 -1.474769
-3.605482 0.513065 -1.396460
-3.640196 0.194096 -1.318405
-3.674780 -0.124973 -1.240598
-3.709228 -0.444110 -1.163031
-3.743537 -0.763283 -1.085697
-3.777700 -1.082460 -1.008590
-3.811714 -1.401608 -0.931701
-3.845574 -1.720697 -0.855024
-3.813941 1.186195 -1.480733
-3.848599 0.867710 -1.400749
-3.883132 0.549059 -1.321047
-3.917538 0.230272 -1.241619
-3.951812 -0.088617 -1.162459
-3.985948 -0.407578 -1.083558
-4.019944 -0.726577 -1.004909
-4.053795 -1.045584 -0.926504
-4.087495 -1.364564 -0.848336
-4.121041 -1.683487 -0.770395
-4.091719 1.222033 -1.406416
-4.126071 0.903734 -1.325043
-4.160298 0.585264 -1.243973
-4.194394 0.266656 -1.163198
-4.228357 -0.052058 -1.082710
-4.262182 -0.370846 -1.002500
-4.295865 -0.689676 -0.922561
-4.329402 -1.008516 -0.842884
-4.362789 -1.327332 -0.763460
-4.396022 -1.646094 -0.684281
-4.369009 1.258088 -1.330402
-4.403056 0.939969 -1.247668
-4.436974 0.621677 -1.165257
-4.470761 0.303244 -1.083161
-4.504413 -0.015299 -1.001372
-4.537926 -0.333919 -0.919879
-4.571296 -0.652583 -0.838674
-4.604520 -0.971260 -0.757748
-4.637594 -1.289916 -0.677093
-4.670514 -1.608520 -0.596698
-4.645820 1.294350 -1.252751
-4.679560 0.976408 -1.168684
-4.713170 0.658289 -1.084958
-4.746646 0.340027 -1.001565
-4.779985 0.021652 -0.918496
-4.813185 -0.296803 -0.835741
-4.846241 -0.615305 -0.753290
-4.879151 -0.933821 -0.671135
-4.911910 -1.252320 -0.589266
-4.944516 -1.570768 -0.507673
-4.922166 1.330809 -1.173544
-4.955599 1.013039 -1.088169
-4.988898 0.695091 -1.003150
-5.022061 0.376996 -0.918480
-5.055086 0.058786 -0.834147
-5.087968 -0.259506 -0.750144
-5.120707 -0.577848 -0.666460
-5.153299 -0.896206 -0.583087
-5.185740 -1.214549 -0.500014
-5.218029 -1.532844 -0.417234
-5.198054 1.367456 -1.092838
-5.231180 1.049855 -1.006181
-5.264168 0.732074 -0.919891
-5.297016 0.414143 -0.833960
-5.329722 0.096096 -0.748379
-5.362285 -0.222036 -0.663139
-5.394701 -0.540219 -0.578231
-5.426970 -0.858421 -0.493647
-5.459089 -1.176609 -0.409378
-5.491056 -1.494752 -0.325415
-5.473483 1.404290 -1.010649
-5.506303 1.086853 -0.922740
-5.538980 0.769234 -0.835205
-5.571512 0.451465 -0.748035
-5.603898 0.133577 -0.661224
-5.636138 -0.184396 -0.574762
-5.668230 -0.502423 -0.488643
-5.700173 -0.820471 -0.402859
-5.731965 -1.138507 -0.317403
-5.763607 -1.456499 -0.232265
-5.748444 1.441307 -0.926985
-5.780961 1.124030 -0.837857
-5.813328 0.806569 -0.749105
-5.845545 0.488957 -0.660722
-5.877612 0.171226 -0.572702
-5.909529 -0.146592 -0.485038
-5.941295 -0.464465 -0.397725
-5.972911 -0.782360 -0.310755
-6.004375 -1.100246 -0.224124
-6.035689 -1.418089 -0.137823
-6.022910 1.478514 -0.841791
-6.055126 1.161392 -0.751474
-6.087186 0.844086 -0.661534
-6.119090 0.526628 -0.571964
-6.150839 0.209049 -0.482760
-6.182434 -0.108617 -0.393918
-6.213875 -0.426340 -0.305432
-6.245165 -0.744086 -0.217298
-6.276303 -1.061824 -0.129512
-6.307289 -1.379522 -0.042068
-6.296841 1.515921 -0.754984
-6.328758 1.198950 -0.663502
-6.360512 0.881795 -0.572397
-6.392105 0.564486 -0.481667
-6.423538 0.247057 -0.391307
-6.454815 -0.070462 -0.301314
-6.485935 -0.388039 -0.211685
-6.516902 -0.705640 -0.122416
-6.547717 -1.023235 -0.033504
-6.578381 -1.340790 0.055055
-6.570206 1.553533 -0.666503
-6.601823 1.236711 -0.573876
-6.633272 0.919702 -0.481632
-6.664557 0.602540 -0.389769
-6.695680 0.285254 -0.298284
-6.726643 -0.032122 -0.207175
-6.757449 -0.349556 -0.116437
-6.788101 -0.667018 -0.026070
-6.818600 -0.984474 0.063931
-6.848950 -1.301893 0.153567
-6.842986 1.591352 -0.576332
-6.874305 1.274674 -0.482583
-6.905453 0.957809 -0.389229
-6.936436 0.640788 -0.296267
-6.967254 0.323642 -0.203694
-6.997913 0.006403 -0.111507
-7.028414 -0.310896 -0.019704
-7.058761 -0.628223 0.071718
-7.088956 -0.945547 0.162762
-7.119003 -1.262835 0.253430
-7.115173 1.629375 -0.484479
-7.146196 1.312838 -0.389636
-7.177049 0.996112 -0.295205
-7.207737 0.679226 -0.201182
-7.238262 0.362214 -0.107563
-7.268627 0.045107 -0.014344
-7.298835 -0.272062 0.078477
-7.328890 -0.589261 0.170905
-7.358795 -0.906459 0.262942
-7.388552 -1.223622 0.354593
-7.386825 1.667579 -0.391132
-7.417558 1.351179 -0.295230
-7.448124 1.034586 -0.199758
-7.478525 0.717832 -0.104710
-7.508764 0.400948 -0.010082
-7.538844 0.083968 0.084130
-7.568770 -0.233076 0.177932
-7.598542 -0.550153 0.271328
-7.628166 -0.867229 0.364323
-7.657643 -1.184273 0.456921
-7.658037 1.705930 -0.296569
-7.688492 1.389661 -0.199651
-7.718778 1.073196 -0.103175
-7.748899 0.756569 -0.007136
-7.778858 0.439810 0.088471
-7.808659 0.122953 0.183653
-7.838304 -0.193969 0.278415
-7.867797 -0.510925 0.372762
-7.897140 -0.827882 0.466700
-7.926338 -1.144807 0.560234
-7.928845 1.744414 -0.200902
-7.959032 1.428269 -0.103012
-7.989048 1.111929 -0.005569
-8.018895 0.795424 0.091431
-8.048579 0.478788 0.187996
-8.078102 0.162052 0.284131
-8.107468 -0.154751 0.379840
-8.136679 -0.471587 0.475131
-8.165741 -0.788426 0.570009
-8.194655 -1.105233 0.664478
-8.199154 1.783059 -0.103895
-8.229080 1.467035 -0.005064
-8.258831 1.150814 0.093316
-8.288410 0.834428 0.191252
-8.317823 0.517910 0.288749
-8.347072 0.201292 0.385813
-8.376162 -0.115393 0.482449
-8.405096 -0.432113 0.578663
-8.433877 -0.748835 0.674461
-8.462512 -1.065527 0.769849
-8.468854 1.821894 -0.005287
-8.498519 1.505988 0.094468
-8.528006 1.189885 0.193766
-8.557322 0.873615 0.292613
-8.586469 0.557212 0.391015
-8.615451 0.240707 0.488978
-8.644273 -0.075865 0.586508
-8.672938 -0.392473 0.683612
-8.701450 -0.709084 0.780295
-8.729814 -1.025665 0.876563
-8.737884 1.860934 0.095047
-8.767284 1.545145 0.195720
-8.796509 1.229156 0.295921
-8.825564 0.912999 0.395658
-8.854450 0.596707 0.494938
-8.883173 0.280313 0.593768
-8.911736 -0.036152 0.692156
-8.940144 -0.352653 0.790108
-8.968399 -0.669158 0.887632
-8.996506 -0.985635 0.984736
-9.006212 1.900183 0.197153
-9.035342 1.584510 0.298745
-9.064304 1.268635 0.399840
-9.093097 0.952588 0.500450
-9.121729 0.636404 0.600582
-9.150201 0.320114 0.700247
-9.178516 0.003753 0.799454
-9.206678 -0.312647 0.898212
-9.234690 -0.629052 0.996531
-9.262557 -0.945429 1.094419
-9.273866 1.939627 0.300929
-9.302721 1.624071 0.403441
-9.331414 1.308307 0.505425
-9.359949 0.992369 0.606895
-9.388328 0.676290 0.707862
-9.416552 0.360103 0.808338
-9.444626 0.043841 0.908337
-9.472552 -0.272461 1.007869
-9.500332 -0.588771 1.106947
-9.527969 -0.905055 1.205583
-9.541017 1.979217 0.405948
-9.569596 1.663775 0.509366
-9.598020 1.348122 0.612232
-9.626290 1.032292 0.714560
-9.654409 0.716317 0.816363
-9.682380 0.400232 0.917656
-9.710205 0.084071 1.018453
-9.737886 -0.232134 1.118768
-9.765426 -0.548347 1.218615
-9.792826 -0.864536 1.318007
-9.807845 2.018901 0.511772
-9.836154 1.703570 0.616070
-9.864306 1.388026 0.719809
-9.892303 1.072304 0.823002
-9.920149 0.756436 0.925662
-9.947848 0.440457 1.027804
-9.975401 0.124400 1.129442
-10.002810 -0.191702 1.230587
-10.030080 -0.507814 1.331255
-10.057220 -0.823902 1.431459
-10.074380 2.058670 0.618322
-10.102430 1.743445 0.723465
-10.130310 1.428009 0.828062
-10.158030 1.112394 0.932123
-10.185590 0.796635 1.035659
-10.213000 0.480764 1.138681
-10.240250 0.164816 1.241199
-10.267370 -0.151177 1.343224
-10.294340 -0.467182 1.444767
-10.321190 -0.783164 1.545838
-10.340560 2.098540 0.725733
-10.368360 1.783416 0.831688
-10.395970 1.468084 0.937122
-10.423410 1.152576 1.042042
-10.450680 0.836925 1.146454
-10.477790 0.521164 1.250365
-10.504740 0.205325 1.353781
-10.531540 -0.110557 1.456707
-10.558210 -0.426451 1.559152
-10.584740 -0.742324 1.661121
-10.606310 2.138526 0.834156
-10.633870 1.823500 0.940889
-10.661230 1.508269 1.047135
-10.688390 1.192865 1.152894
-10.715370 0.877320 1.258168
-10.742180 0.561667 1.362958
-10.768820 0.245937 1.467266
-10.795310 -0.069835 1.571093
-10.821660 -0.385620 1.674440
-10.847880 -0.701383 1.777308
-10.871560 2.178648 0.943763
-10.898880 1.863717 1.051251
-10.925980 1.548584 1.158283
-10.952880 1.233281 1.264856
-10.979580 0.917839 1.370967
-11.006090 0.602290 1.476611
-11.032440 0.286667 1.581785
-11.058630 -0.029000 1.686487
-11.084670 -0.344677 1.790712
-11.110570 -0.660333 1.894458
-11.136210 2.218925 1.054720
-11.163310 1.904086 1.162949
-11.190160 1.589048 1.270745
-11.216800 1.273842 1.378101
-11.243230 0.958498 1.485012
-11.269470 0.643049 1.591470
-11.295530 0.327527 1.697467
-11.321430 0.011962 1.802997
-11.347180 -0.303614 1.908054
-11.372800 -0.619169 2.012629
-11.400260 2.259358 1.167057
-11.427120 1.944612 1.276024
-11.453730 1.629667 1.384567
-11.480120 1.314554 1.492680
-11.506300 0.999304 1.600353
-11.532280 0.683950 1.707578
-11.558080 0.368522 1.814346
-11.583710 0.053051 1.920648
-11.609200 -0.262430 2.026476
-11.634550 -0.577891 2.131822
-11.663700 2.299941 1.280723
-11.690320 1.985288 1.390435
-11.716700 1.670434 1.499717
-11.742850 1.355412 1.608562
-11.768790 1.040253 1.716962
-11.794530 0.724987 1.824910
-11.820090 0.409648 1.932395
-11.845480 0.094265 2.039410
-11.870730 -0.221129 2.145947
-11.895840 -0.536504 2.251997
-11.926600 2.340656 1.395559
-11.952980 2.026097 1.506035
-11.979110 1.711336 1.616059
-12.005030 1.396403 1.725626
-12.030740 1.081331 1.834730
-12.056250 0.766151 1.943366
-12.081590 0.450895 2.051526
-12.106770 0.135594 2.159206
-12.131800 -0.179719 2.266399
-12.156690 -0.495013 2.373099
-12.189170 2.381454 1.511136
-12.215280 2.066993 1.622410
-12.241160 1.752326 1.733202
-12.266830 1.437485 1.843509
-12.292300 1.122502 1.953330
-12.317580 0.807407 2.062661
-12.342700 0.492235 2.171500
-12.367650 0.177016 2.279843
-12.392470 -0.138216 2.387688
-12.417150 -0.453431 2.495031
-12.451550 2.422296 1.627106
-12.477380 2.107937 1.739213
-12.502990 1.793370 1.850810
-12.528390 1.478624 1.961899
-12.553600 1.163733 2.072478
-12.578630 0.848729 2.182547
-12.603500 0.533645 2.292106
-12.628210 0.218513 2.401154
-12.652790 -0.096635 2.509691
-12.677240 -0.411766 2.617717
-12.713630 2.463215 1.743766
-12.739170 2.148957 1.856692
-12.764500 1.834488 1.969093
-12.789630 1.519839 2.080971
-12.814570 1.205042 2.192324
-12.839330 0.890131 2.303154
-12.863930 0.575137 2.413461
-12.888390 0.260094 2.523244
-12.912710 -0.054966 2.632505
-12.936900 -0.370010 2.741242
-12.974980 2.504310 1.861988
-13.000270 2.190144 1.975667
-13.025340 1.875766 2.088817
-13.050210 1.561208 2.201437
-13.074890 1.246501 2.313527
-13.099390 0.931678 2.425084
-13.123740 0.616771 2.536109
-13.147940 0.301814 2.646599
-13.172010 -0.013162 2.756555
-13.195970 -0.328124 2.865974
-13.234130 2.545899 1.984725
-13.259170 2.231820 2.099111
-13.284020 1.917523 2.212914
-13.308690 1.603039 2.326139
-13.333190 1.288401 2.438790
-13.357530 0.973644 2.550871
-13.381730 0.658800 2.662388
-13.405790 0.343901 2.773345
-13.429730 0.028983 2.883747
-13.453560 -0.285924 2.993598
-13.490780 2.588043 2.112531
-13.515590 2.274045 2.227580
-13.540260 1.959817 2.341945
-13.564790 1.645393 2.455643
-13.589190 1.330808 2.568692
-13.613460 1.016096 2.681110
-13.637610 0.701291 2.792914
-13.661650 0.386429 2.904122
-13.685570 0.071543 3.014753
-13.709390 -0.243331 3.124824
-13.748770 2.629861 2.237427
-13.773430 2.315921 2.352945
-13.797910 2.001759 2.467852
-13.822220 1.687408 2.582158
-13.846360 1.372902 2.695872
-13.870350 1.058274 2.809003
-13.894200 0.743558 2.921563
-13.917910 0.428787 3.033559
-13.941500 0.113996 3.145002
-13.964970 -0.200782 3.255902
-14.005680 2.671931 2.364605
-14.030350 2.358017 2.480288
-14.054770 2.043895 2.595488
-14.078950 1.729596 2.710202
-14.102920 1.415152 2.824428
-14.126690 1.100596 2.938161
-14.150270 0.785960 3.051398
-14.173680 0.471277 3.164135
-14.196940 0.156577 3.276369
-14.220070 -0.158105 3.388096
-14.256830 2.715353 2.503959
-14.281610 2.401456 2.619686
-14.306130 2.087351 2.734943
-14.330400 1.773071 2.849728
-14.354450 1.458647 2.964039
-14.378280 1.144113 3.077874
-14.401920 0.829500 3.191229
-14.425380 0.514841 3.304104
-14.448680 0.200169 3.416494
-14.471830 -0.114484 3.528399
-14.500670 2.758698 2.647025
-14.525170 2.444830 2.763110
-14.549380 2.130758 2.878757
-14.573340 1.816513 2.993956
-14.597060 1.502126 3.108698
-14.620560 1.187630 3.222973
-14.643880 0.873056 3.336770
-14.667030 0.558437 3.450081
-14.690040 0.243804 3.562895
-14.712920 -0.070812 3.675202
-14.414590 2.770121 2.771532
-14.439810 2.456154 2.886547
-14.464590 2.141981 3.001212
-14.488960 1.827635 3.115509
-14.512960 1.513146 3.229418
-14.536620 1.198546 3.342920
-14.560000 0.883867 3.455993
-14.583110 0.569139 3.568619
-14.606010 0.254396 3.680777
-14.628720 -0.060331 3.792448
-14.136730 2.736977 2.714901
-14.161850 2.422955 2.829621
-14.186540 2.108724 2.943948
-14.210840 1.794312 3.057860
-14.234780 1.479751 3.171331
-14.258400 1.165071 3.284338
-14.281750 0.850305 3.396856
-14.304850 0.535482 3.508862
-14.327750 0.220634 3.620331
-14.350500 -0.094207 3.731238
-13.860830 2.702624 2.649224
-13.885990 2.388476 2.763092
-13.910720 2.074121 2.876588
-13.935060 1.759588 2.989684
-13.959050 1.444908 3.102350
-13.982720 1.130111 3.214558
-14.006120 0.815227 3.326279
-14.029280 0.500287 3.437484
-14.052250 0.185322 3.548143
-14.075060 -0.129639 3.658227
-13.584200 2.668611 2.586200
-13.609510 2.354284 2.698811
-13.634430 2.039736 2.810934
-13.659000 1.724999 2.922557
-13.683260 1.410104 3.033666
-13.707220 1.095085 3.144245
-13.730940 0.779972 3.254281
-13.754440 0.464799 3.363759
-13.777770 0.149596 3.472665
-13.800940 -0.165602 3.580986
-13.307900 2.634446 2.521994
-13.333450 2.319891 2.632964
-13.358640 2.005112 2.743418
-13.383500 1.690142 2.853349
-13.408060 1.375014 2.962753
-13.432350 1.059761 3.071622
-13.456400 0.744417 3.179953
-13.480240 0.429015 3.287739
-13.503900 0.113588 3.394975
-13.527420 -0.201831 3.501655
-13.032610 2.599807 2.454092
-13.058390 2.285033 2.563506
-13.083800 1.970047 2.672476
-13.108870 1.654880 2.780996
-13.133630 1.339565 2.889056
-13.158110 1.024135 2.996648
-13.182350 0.708622 3.103764
-13.206370 0.393059 3.210394
-13.230200 0.077479 3.316531
-13.253880 -0.238085 3.422165
-12.757300 2.565169 2.386207
-12.783210 2.250221 2.494404
-12.808760 1.935067 2.602199
-12.833970 1.619739 2.709579
-12.858870 1.304267 2.816533
-12.883490 0.988684 2.923048
-12.907860 0.673022 3.029111
-12.932020 0.357314 3.134709
-12.955990 0.041591 3.239831
-12.979800 -0.274114 3.344464
-12.481580 2.530719 2.319798
-12.507590 2.215619 2.426940
-12.533250 1.900310 2.533650
-12.558590 1.584823 2.639919
-12.583630 1.269190 2.745736
-12.608410 0.953444 2.851091
-12.632950 0.637617 2.955972
-12.657290 0.321741 3.060371
-12.681450 0.005849 3.164275
-12.705470 -0.310026 3.267676
-12.205450 2.496461 2.254876
-12.231570 2.181203 2.360922
-12.257370 1.865727 2.466460
-12.282880 1.550065 2.571489
-12.308110 1.234251 2.676006
-12.333100 0.918317 2.780008
-12.357880 0.602297 2.883495
-12.382470 0.286225 2.986462
-12.406890 -0.029866 3.088909
-12.431180 -0.345942 3.190833
-11.929370 2.462182 2.189792
-11.955610 2.146760 2.294694
-11.981560 1.831114 2.399031
-12.007230 1.515276 2.502807
-12.032660 1.199280 2.606027
-12.057860 0.883161 2.708696
-12.082860 0.566952 2.810817
-12.107680 0.250689 2.912395
-12.132350 -0.065595 3.013435
-12.156900 -0.381866 3.113942
-11.653580 2.427772 2.123680
-11.679950 2.112180 2.227397
-11.706040 1.796364 2.330543
-11.731860 1.480357 2.433123
-11.757440 1.164192 2.535143
-11.782810 0.847904 2.636610
-11.807990 0.531528 2.737529
-11.832990 0.215097 2.837905
-11.857860 -0.101354 2.937746
-11.882600 -0.417790 3.037056
-11.377810 2.393352 2.057491
-11.404320 2.077585 2.159975
-11.430550 1.761595 2.261900
-11.456530 1.445416 2.363272
-11.482270 1.129083 2.464096
-11.507810 0.812629 2.564380
-11.533150 0.496089 2.664129
-11.558330 0.179496 2.763350
-11.583360 -0.137113 2.862049
-11.608270 -0.453707 2.960233
-11.101820 2.359039 1.992137
-11.128480 2.043090 2.093343
-11.154880 1.726920 2.193988
-11.181020 1.410561 2.294083
-11.206950 1.094050 2.393638
-11.232660 0.777420 2.492660
-11.258200 0.460705 2.591162
-11.283560 0.143942 2.689151
-11.308790 -0.172836 2.786638
-11.333890 -0.489594 2.883633
-10.825620 2.324832 1.927586
-10.852430 2.008699 2.027505
-10.878990 1.692346 2.126861
-10.905310 1.375806 2.225667
-10.931410 1.059114 2.323938
-10.957320 0.742306 2.421686
-10.983040 0.425416 2.518924
-11.008600 0.108479 2.615667
-11.034020 -0.208470 2.711927
-11.059310 -0.525395 2.807718
-10.549300 2.290696 1.863576
-10.576250 1.974385 1.962246
-10.602950 1.657856 2.060368
-10.629410 1.341142 2.157954
-10.655670 1.024280 2.255019
-10.681730 0.707303 2.351577
-10.707610 0.390248 2.447641
-10.733330 0.073148 2.543225
-10.758910 -0.243961 2.638342
-10.784360 -0.561043 2.733007
-10.272930 2.256604 1.799888
-10.299980 1.940122 1.897373
-10.326790 1.623428 1.994354
-10.353370 1.306556 2.090839
-10.379730 0.989540 2.186837
-10.405890 0.672414 2.282354
-10.431880 0.355212 2.377400
-10.457710 0.037969 2.471983
-10.483400 -0.279281 2.566110
-10.508970 -0.596504 2.659790
-10.151960 -0.796557 2.608784
-9.863562 -0.833160 2.535590
-9.574991 -0.869682 2.463029
-9.286506 -0.906246 2.390144
-8.998219 -0.942903 2.316530
-8.710195 -0.979685 2.241950
-8.422448 -1.016594 2.166377
-8.134929 -1.053607 2.089990
-7.847575 -1.090696 2.013015
-7.560294 -1.127817 1.935783
-7.272986 -1.164926 1.858649
-6.985553 -1.201977 1.781961
-6.697898 -1.238928 1.706062
-6.409952 -1.275745 1.631208
-6.121696 -1.312416 1.557492
-5.833120 -1.348935 1.484950
-5.544287 -1.385330 1.413372
-5.255278 -1.421639 1.342456
-4.966153 -1.457890 1.271983
-4.676947 -1.494100 1.201832
-4.387689 -1.530284 1.131883
-4.098410 -1.566456 1.062016
-3.809140 -1.602634 0.992113
-3.519894 -1.638824 0.922116
-3.230676 -1.675027 0.852013
-2.941481 -1.711242 0.781821
-2.652287 -1.747458 0.711623
-2.363073 -1.783663 0.641507
-2.073814 -1.819846 0.571565
-1.784486 -1.855994 0.501884
-1.495086 -1.892105 0.432491
-1.205626 -1.928187 0.363326
-0.916123 -1.964246 0.294333
-0.626588 -2.000288 0.225467
-0.337031 -2.036319 0.156689
-0.047460 -2.072343 0.087965
0.242118 -2.108364 0.019268
0.531697 -2.144384 -0.049429
0.821267 -2.180409 -0.118157
1.110823 -2.216442 -0.186945
1.400365 -2.252481 -0.255786
1.689900 -2.288524 -0.324657
1.979433 -2.324568 -0.393533
2.268970 -2.360610 -0.462395
2.558513 -2.396649 -0.531234
2.848049 -2.432691 -0.600098
3.137562 -2.468745 -0.669050
3.427049 -2.504813 -0.738110
3.716513 -2.540892 -0.807256
4.005959 -2.576980 -0.876472
4.295386 -2.613078 -0.945763
4.584793 -2.649186 -1.015135
4.874175 -2.685307 -1.084600
5.163532 -2.721441 -1.154168
5.452864 -2.757587 -1.223829
5.742185 -2.793738 -1.293532
6.031508 -2.829889 -1.363230
6.320832 -2.866040 -1.432924
6.610150 -2.902193 -1.502638
6.899460 -2.938350 -1.572389
7.188755 -2.974515 -1.642193
7.478034 -3.010688 -1.712061
7.767300 -3.046868 -1.781982
8.056557 -3.083052 -1.851937
8.345823 -3.119231 -1.921855
8.635127 -3.155392 -1.991626
8.924500 -3.191517 -2.061127
9.213977 -3.227589 -2.130219
9.503588 -3.263595 -2.198800
9.793295 -3.299552 -2.267009
10.083030 -3.335494 -2.335100
10.372640 -3.371495 -2.403653
10.661880 -3.407688 -2.473674
10.950590 -3.444136 -2.545673
11.238960 -3.480757 -2.619005
11.527440 -3.517323 -2.691908
11.816790 -3.553458 -2.761483
12.106110 -3.589608 -2.831173
12.394170 -3.626372 -2.905614
12.681350 -3.663531 -2.983153
12.967130 -3.701145 -3.064482
12.844720 -3.685166 -3.030510
12.566180 -3.648485 -2.951113
12.188060 -3.656944 -3.224820
11.889550 -3.629776 -3.219254
11.591080 -3.602496 -3.212924
11.292830 -3.574474 -3.201613
10.994770 -3.545940 -3.186841
10.696770 -3.517263 -3.171094
10.398870 -3.488391 -3.154018
10.101070 -3.459304 -3.135472
9.803300 -3.430173 -3.116623
9.505477 -3.401136 -3.098420
9.207662 -3.372088 -3.080137
8.909943 -3.342860 -3.060625
8.612355 -3.313400 -3.039513
8.314873 -3.283763 -3.017179
8.017468 -3.254002 -2.993994
7.720113 -3.224157 -2.970227
7.422794 -3.194258 -2.946086
7.125547 -3.164258 -2.921242
6.828446 -3.134058 -2.895004
6.531545 -3.103589 -2.866895
6.234852 -3.072853 -2.836912
5.938370 -3.041863 -2.805141
5.642072 -3.010663 -2.771894
5.345910 -2.979313 -2.737585
5.049865 -2.947836 -2.702374
4.753975 -2.916199 -2.666024
4.458281 -2.884367 -2.628286
4.162808 -2.852319 -2.589010
3.867584 -2.820041 -2.548082
3.572629 -2.787524 -2.505432
3.277959 -2.754766 -2.461039
2.983587 -2.721766 -2.414887
2.689526 -2.688523 -2.366970
2.395789 -2.655039 -2.317283
2.102388 -2.621313 -2.265819
1.809335 -2.587345 -2.212571
1.516640 -2.553136 -2.157534
1.224315 -2.518686 -2.100709
0.932370 -2.483997 -2.042096
0.640817 -2.449068 -1.981692
0.349672 -2.413902 -1.919493
0.058940 -2.378502 -1.855524
-0.231384 -2.342877 -1.789850
-0.521305 -2.307037 -1.722531
-0.810815 -2.270982 -1.653568
-1.099898 -2.234711 -1.582943
-1.388542 -2.198223 -1.510652
-1.676741 -2.161523 -1.436704
-1.964486 -2.124611 -1.361109
-2.251766 -2.087489 -1.283871
-2.538572 -2.050158 -1.204994
-2.824895 -2.012621 -1.124486
-3.110727 -1.974879 -1.042357
-3.396063 -1.936936 -0.958617
-3.680898 -1.898791 -0.873273
-3.965225 -1.860448 -0.786334
-4.249039 -1.821909 -0.697814
-4.532337 -1.783176 -0.607732
-4.815116 -1.744254 -0.516109
-5.097376 -1.705147 -0.422971
-5.379117 -1.665858 -0.328347
-5.660345 -1.626395 -0.232284
-5.941071 -1.586765 -0.134837
-6.221290 -1.546970 -0.036017
-6.500979 -1.507004 0.064222
-6.780116 -1.466864 0.165922
-7.058705 -1.426555 0.269053
-7.336758 -1.386082 0.373561
-7.614310 -1.345461 0.479331
-7.891430 -1.304712 0.586182
-8.168154 -1.263849 0.694014
-8.444405 -1.222851 0.803002
-8.720079 -1.181692 0.913376
-8.995110 -1.140358 1.025268
-9.269466 -1.098842 1.138739
-9.543147 -1.057148 1.253767
-9.816234 -1.015302 1.370138
-10.088820 -0.973328 1.487627
-10.360950 -0.931241 1.606132
-10.632630 -0.889043 1.725613
-10.903880 -0.846735 1.846066
-11.174650 -0.804314 1.967540
-11.444920 -0.761773 2.090081
-11.714700 -0.719116 2.213667
-11.984010 -0.676349 2.338252
-12.252860 -0.633479 2.463770
-12.521300 -0.590515 2.590140
-12.789330 -0.547460 2.717345
-13.056880 -0.504298 2.845525
-13.180220 -0.401359 3.448426
-13.457890 -0.364560 3.529094
-13.738560 -0.327225 3.611545
-14.022280 -0.289739 3.693217
-14.308020 -0.252696 3.770832
-14.595620 -0.217203 3.837213
-14.742190 -0.201850 3.853132
-14.449690 -0.234833 3.806011
-14.161560 -0.271558 3.731863
-13.875260 -0.309108 3.651262
-13.589800 -0.347005 3.567897
-13.304440 -0.384939 3.484238
-13.018500 -0.422642 3.402420
-12.732270 -0.460214 3.321631
-12.446070 -0.497808 3.240673
-12.454050 -0.601292 2.558389
-12.187190 -0.643966 2.433008
-11.919440 -0.686619 2.308274
-11.301070 -0.648086 2.917627
-11.014480 -0.685514 2.837987
-10.727480 -0.722756 2.759806
-10.439980 -0.759776 2.683358
-10.151960 -0.796557 2.608784
-10.151960 -0.796557 2.608784
-10.129200 -0.514150 2.526555
-10.106360 -0.231844 2.443996
-10.083450 0.050360 2.361111
-10.060440 0.332460 2.277902
-10.037300 0.614456 2.194371
-10.014030 0.896346 2.110519
-9.990607 1.178127 2.026350
-9.967008 1.459800 1.941864
-9.943216 1.741362 1.857064
-9.919213 2.022811 1.771950
-9.894988 2.304146 1.686523
-9.894988 2.304146 1.686523
-9.919213 2.022811 1.771950
-9.943216 1.741362 1.857064
-9.967008 1.459800 1.941864
-9.990607 1.178127 2.026350
-10.014030 0.896346 2.110519
-10.037300 0.614456 2.194371
-10.060440 0.332460 2.277902
-10.083450 0.050360 2.361111
-10.106360 -0.231844 2.443996
-10.129200 -0.514150 2.526555
-10.151960 -0.796557 2.608784
