0.213342
0.182897
0.168812
0.232123
0.29713
0.330178
0.347449
0.355478
0.359741
0.361959
0.363095
0.362828
0.363106
0.362289
0.362089
0.358392
0.35782
0.130677
0.0771164
0.0787857
0.0758154
0.0606886
0.0597959
0.0295463
0.0306346
0.0106686
0.00891263
0.00246198
0.00206506
0.00100849
0.000803154
0.000566243
0.000590196
0.00056926
0.000569829
0.000554264
0.000553652
0.000547067
0.000546711
0.00054476
0.000544661
0.000544618
0.000544599
0.000544589
0.000544584
0.000544582
0.00054458
0.000544579
0.000544579
0.000544579
