11.8163
11.7414
12.9418
12.4077
12.3875
12.4905
12.4678
12.3895
12.3527
12.3152
12.2963
12.2641
12.2753
12.2353
12.2495
12.1232
12.1182
5.78325
0.799745
0.874815
0.904303
0.65696
0.656197
0.54295
0.478101
0.250477
0.148261
0.044712
0.0309052
0.0125801
0.00915399
0.00238364
0.00304662
0.001922
0.00194561
0.00115896
0.00112227
0.000586667
0.000544062
0.000175244
0.000131789
0.00010747
9.41444e-05
8.69141e-05
8.30071e-05
8.08993e-05
7.97628e-05
7.91503e-05
7.88201e-05
7.86421e-05
