11.6328
11.6329
12.9228
12.5434
12.5297
12.6093
12.5737
12.488
12.4456
12.4042
12.3794
12.3426
12.3517
12.3107
12.3253
12.2016
12.1972
5.8072
0.458325
0.250009
0.338693
0.309607
0.423224
0.497381
0.447282
0.246479
0.147374
0.0462305
0.0323941
0.0128658
0.00956534
0.00276127
0.00339019
0.0023588
0.00238963
0.00145249
0.00140734
0.000739137
0.000685947
0.000220533
0.00016584
0.000135123
0.000118224
0.000109023
0.000104038
0.000101345
9.98913e-05
9.91073e-05
9.86846e-05
9.84568e-05
