8.69665
8.79974
10.2816
10.1318
10.171
10.02
9.91855
9.87107
9.82491
9.80215
9.79376
9.77636
9.77036
9.75004
9.75223
9.70624
9.71983
9.49259
9.53262
3.2154
0.233831
0.185776
0.145052
0.13323
0.183268
0.109608
0.0640278
0.0203904
0.0230911
0.00772352
0.00712276
0.00329151
0.00357455
0.00244369
0.00241488
0.00121989
0.00116186
0.000425119
0.000384862
0.000172569
0.000138128
0.000121426
0.000113341
0.000109428
0.000107534
0.000106618
0.000106175
0.00010596
0.000105856
0.000105806
