0.165662
0.124345
0.158128
0.215507
0.242746
0.256906
0.263606
0.266814
0.268789
0.269492
0.269778
0.269504
0.269252
0.268986
0.269052
0.268196
0.26808
0.262488
0.261172
0.0643934
0.0291869
0.0222132
0.0215192
0.0161779
0.0145007
0.00646987
0.00515961
0.00156027
0.00158812
0.000742332
0.000702324
0.000590008
0.000600691
0.000571328
0.000570644
0.000551341
0.000550687
0.000545345
0.000545194
0.000544671
0.000544622
0.000544602
0.000544593
0.000544589
0.000544588
0.000544587
0.000544586
0.000544586
0.000544586
0.000544586
