8.76204
8.85902
10.2498
9.94969
9.97363
9.82448
9.7313
9.69208
9.65294
9.63491
9.62995
9.61287
9.60798
9.58724
9.58932
9.54025
9.55374
9.31663
9.35121
3.18308
0.348173
0.269586
0.235857
0.17564
0.180437
0.107618
0.0573396
0.0169324
0.0191413
0.00653507
0.00582334
0.00230084
0.00257932
0.0015856
0.0015676
0.000765618
0.00072893
0.000265007
0.000239829
0.000107454
8.608e-05
7.58074e-05
7.08669e-05
6.84857e-05
6.73359e-05
6.67801e-05
6.65113e-05
6.63813e-05
6.63183e-05
6.62879e-05
