0.172664
0.089879
0.14074
0.169637
0.188881
0.204824
0.211805
0.21592
0.21734
0.218323
0.219052
0.219426
0.21952
0.219253
0.219169
0.218111
0.217517
0.203408
0.203287
0.0484217
0.016799
0.00920329
0.00748704
0.00682223
0.00767596
0.00450747
0.00447273
0.00173012
0.0017013
0.000706079
0.000762489
0.000582788
0.000589591
0.000553102
0.000552701
0.000547113
0.000546793
0.000545365
0.000545196
0.000544676
0.000544633
0.000544617
0.00054461
0.000544608
0.000544607
0.000544606
0.000544606
0.000544606
0.000544606
0.000544606
