9.21532
6.34176
8.05503
8.69215
8.39039
8.1917
8.15407
8.08833
8.06309
8.03988
8.03174
8.02121
8.0213
8.01202
8.01417
7.96836
7.99231
7.52821
7.63487
2.54538
1.37615
0.403454
0.381491
0.20729
0.0954537
0.042751
0.0424673
0.0165872
0.0165117
0.0050781
0.00567362
0.00190106
0.00209275
0.000833662
0.00082409
0.000401618
0.000378408
0.00021698
0.000193783
8.76291e-05
7.32113e-05
6.69757e-05
6.42798e-05
6.31133e-05
6.26081e-05
6.23893e-05
6.22945e-05
6.22534e-05
6.22356e-05
6.22279e-05
