9.13483
6.26376
8.06452
8.78417
8.57656
8.4341
8.40468
8.34356
8.31658
8.29196
8.28192
8.27194
8.27159
8.26235
8.26376
8.21804
8.24095
7.76096
7.86557
2.57636
1.38953
0.400296
0.38024
0.204552
0.103642
0.0536859
0.0548595
0.0227145
0.0228232
0.00717044
0.00781077
0.00305574
0.00324552
0.00145737
0.00143283
0.000772732
0.000726001
0.000430359
0.000384795
0.000175501
0.000146545
0.000133911
0.000128421
0.000126039
0.000125007
0.000124559
0.000124365
0.000124281
0.000124245
0.000124229
