10.309
6.93462
4.15354
4.72112
5.00761
5.06363
5.08946
5.10223
5.10508
5.11794
5.13229
5.12652
5.11655
5.11631
5.11617
5.10278
5.09302
4.98664
4.97881
2.75804
2.80792
1.19576
1.04841
0.496378
0.396009
0.21856
0.181675
0.157795
0.0229792
0.0114352
0.0112478
0.00411399
0.00423879
0.00163226
0.00161402
0.000639721
0.000614002
0.000297253
0.000261532
9.78162e-05
8.42075e-05
7.9735e-05
7.82636e-05
7.77793e-05
7.76199e-05
7.75673e-05
7.75501e-05
7.75444e-05
7.75425e-05
7.75419e-05
