10.4312
7.03146
4.18562
4.68706
4.92614
4.96407
4.98274
4.99258
4.99298
5.00344
5.01781
5.01359
5.00392
5.00272
5.00211
4.98881
4.97993
4.8794
4.87284
2.71554
2.7735
1.17546
1.03217
0.48277
0.385992
0.213077
0.176366
0.15545
0.0131023
0.00531984
0.0052556
0.00173892
0.00187978
0.000676598
0.000672983
0.000239652
0.000231152
0.000103101
9.07074e-05
3.37631e-05
2.97626e-05
2.85111e-05
2.81074e-05
2.79755e-05
2.79322e-05
2.79179e-05
2.79132e-05
2.79117e-05
2.79112e-05
2.7911e-05
