0.111259
0.110784
0.109281
0.107331
0.104841
0.104841
0.104841
0.104841
0.104841
0.104841
0.104841
0.104841
0.104841
0.104841
0.104841
0.104841
0.104841
0.104841
0.104841
0.104841
0.104841
0.104841
0.104841
0.104841
0.104841
0.104841
0.104841
0.104841
0.104841
0.104841
0.104841
0.104841
0.104841
0.104841
0.104841
0.104841
0.104841
0.104841
0.104841
0.104841
0.104841
0.104841
0.104841
0.104841
0.104841
0.104841
0.104841
0.104841
0.104841
0.104841
