0.192234
0.114765
0.0692931
0.100421
0.113236
0.115874
0.116814
0.11718
0.117313
0.117732
0.118111
0.118056
0.11763
0.117532
0.117572
0.117225
0.116924
0.113253
0.1129
0.0551781
0.056217
0.0218955
0.0198574
0.00936314
0.00746106
0.0037645
0.00330721
0.00264043
0.00168863
0.000940221
0.000968179
0.000614457
0.000621223
0.000555522
0.000555233
0.000546238
0.000546094
0.000544917
0.000544828
0.000544579
0.000544568
0.000544565
0.000544563
0.000544563
0.000544563
0.000544563
0.000544563
0.000544563
0.000544563
0.000544563
