4.71997
4.9295
5.00133
5.00559
4.99658
5.00046
5.01732
5.01499
5.0088
5.00691
5.00914
5.01797
5.01376
4.99796
5.00128
4.98344
4.98164
4.87993
4.87355
2.71565
2.77348
1.17546
1.03217
0.482775
0.385988
0.213068
0.176365
0.155436
0.0130987
0.00531645
0.00525211
0.00173605
0.00187658
0.000673748
0.000670604
0.000237479
0.000228902
0.000102475
9.01403e-05
3.63967e-05
3.28309e-05
3.17365e-05
3.13862e-05
3.1272e-05
3.12345e-05
3.12222e-05
3.12181e-05
3.12168e-05
3.12163e-05
3.12162e-05
