4.346
4.59696
4.69023
4.70486
4.69989
4.70509
4.7213
4.71821
4.71279
4.71167
4.71429
4.72184
4.71714
4.70352
4.70723
4.69119
4.68922
4.59897
4.59325
2.59129
2.64363
1.13274
0.990677
0.467744
0.374159
0.210781
0.175838
0.153832
0.01224
0.00598968
0.00553198
0.00199563
0.00204849
0.000818042
0.000812566
0.000324923
0.000312847
0.000150639
0.000133063
4.931e-05
4.24404e-05
4.01764e-05
3.94306e-05
3.9185e-05
3.91041e-05
3.90775e-05
3.90687e-05
3.90658e-05
3.90648e-05
3.90645e-05
