0.139609
0.126774
0.121426
0.118842
0.117854
0.117785
0.118089
0.118113
0.117848
0.117722
0.117731
0.118109
0.118059
0.117441
0.117468
0.116918
0.116923
0.11326
0.112901
0.0551911
0.0562309
0.0219327
0.0198983
0.00944917
0.0075684
0.00397242
0.00354202
0.00292908
0.00211103
0.00157786
0.00159467
0.00140833
0.00141129
0.00138366
0.00138355
0.00137996
0.0013799
0.00137944
0.0013794
0.0013793
0.0013793
0.0013793
0.0013793
0.0013793
0.0013793
0.0013793
0.0013793
0.0013793
0.0013793
0.0013793
