0.213363
0.183559
0.168231
0.230687
0.29671
0.330179
0.347537
0.35545
0.359756
0.36164
0.362317
0.362219
0.362334
0.362041
0.36142
0.357983
0.356623
0.130603
0.0752791
0.0785196
0.0756775
0.0603159
0.059507
0.0294418
0.0312234
0.0107784
0.00962594
0.00278489
0.00215363
0.00111627
0.000982842
0.000601692
0.000632823
0.000598451
0.000598494
0.000575359
0.000573827
0.000573471
0.000573206
0.000573969
0.000574655
0.000575269
0.000575814
0.000576294
0.000576712
0.000577073
0.000577382
0.000577645
0.000577867
0.000578054
