11.8185
11.7308
12.9225
12.4147
12.3976
12.5022
12.4676
12.3971
12.3587
12.3448
12.3129
12.2775
12.2665
12.2467
12.2456
12.1095
12.1108
5.82949
0.755912
0.866583
0.91396
0.643683
0.64121
0.549769
0.48315
0.260724
0.16525
0.0511947
0.0350771
0.0161406
0.0129475
0.00373155
0.00419577
0.00285503
0.00282776
0.00200275
0.00195404
0.00194104
0.00193462
0.00197392
0.00200823
0.00203867
0.00206586
0.00209015
0.0021118
0.00213101
0.00214799
0.00216295
0.00217609
0.0021876
