11.6353
11.6218
12.9035
12.5518
12.5423
12.623
12.5743
12.4963
12.4527
12.4339
12.3962
12.3578
12.3437
12.3226
12.3217
12.1881
12.1903
5.85421
0.424885
0.254412
0.379683
0.28712
0.407048
0.506226
0.455267
0.256089
0.164889
0.0536989
0.0369151
0.0167561
0.0135189
0.00422038
0.00476129
0.00340602
0.00336732
0.00243039
0.00236858
0.0023596
0.00235418
0.00239651
0.00243469
0.00246927
0.00250052
0.00252862
0.00255373
0.00257602
0.00259571
0.00261303
0.00262821
0.00264148
