0.205889
0.202759
0.199329
0.192504
0.194016
0.191748
0.191755
0.191755
0.191755
0.191755
0.191756
0.191756
0.191756
0.191756
0.191756
0.191756
0.191756
0.191756
0.191756
0.191756
0.191756
0.191756
0.191756
0.191756
0.191756
0.191756
0.191756
0.191756
0.191756
0.191756
0.191756
0.191756
0.191756
0.191756
0.191756
0.191756
0.191756
0.191756
0.191756
0.191756
0.191756
0.191756
0.191756
0.191757
0.191757
0.191757
0.191757
0.191757
0.191757
0.191757
