8.77275
9.16729
10.2669
9.90518
9.93026
9.82333
9.73392
9.68016
9.65213
9.64028
9.63109
9.6163
9.61143
9.58484
9.58975
9.54188
9.55445
9.31395
9.36669
3.18791
0.347478
0.265493
0.235414
0.189302
0.174896
0.119713
0.124071
0.0405065
0.0200566
0.00883439
0.0065139
0.00283633
0.00304961
0.0015906
0.00157449
0.000674666
0.000649776
0.000570895
0.000582865
0.000602553
0.00062468
0.000647465
0.000669752
0.000690925
0.000713679
0.000734819
0.000754453
0.000772731
0.000789816
0.000805872
