8.70618
9.10322
10.3037
10.0798
10.1182
10.0126
9.91737
9.85691
9.82339
9.80768
9.79541
9.78053
9.77391
9.74788
9.75315
9.70764
9.72034
9.48994
9.54848
3.22077
0.232936
0.181952
0.146835
0.149541
0.173965
0.126335
0.129518
0.0428993
0.0240978
0.0106989
0.00804091
0.0041061
0.00428036
0.00243593
0.00240001
0.000928565
0.000871219
0.000574185
0.000578026
0.000592632
0.00061657
0.000645352
0.000675682
0.000705578
0.000736472
0.000765207
0.000791817
0.000816477
0.000839414
0.000860864
