0.165685
0.125806
0.163617
0.219775
0.244614
0.257741
0.264214
0.267341
0.268822
0.269408
0.269822
0.269702
0.269664
0.269219
0.269075
0.268227
0.26786
0.262202
0.261225
0.0648302
0.0291378
0.0221566
0.0213606
0.0165621
0.0140218
0.00699452
0.00715941
0.00232241
0.00158608
0.000842035
0.0007076
0.000605182
0.00062127
0.000574156
0.00057315
0.000548668
0.000548017
0.000544891
0.000544724
0.000544595
0.000544551
0.000544571
0.000544636
0.000544729
0.000544836
0.00054495
0.000545066
0.000545181
0.000545292
0.000545399
