0.172884
0.0898874
0.141928
0.169805
0.189237
0.204976
0.211779
0.215932
0.217406
0.218357
0.219127
0.21944
0.219669
0.219342
0.219297
0.218345
0.217741
0.202718
0.202825
0.0482553
0.0174714
0.00915133
0.00749992
0.00693109
0.0075898
0.00499265
0.0043467
0.00184445
0.00179957
0.000832152
0.000786575
0.000638598
0.000650605
0.000569087
0.000567901
0.000549338
0.000548908
0.000548131
0.00054788
0.000547705
0.000547577
0.000547478
0.0005474
0.000547337
0.000547284
0.00054724
0.000547201
0.000547167
0.000547137
0.00054711
