9.14161
6.26992
8.08972
8.78379
8.57461
8.43062
8.40889
8.34564
8.31699
8.2949
8.2837
8.27261
8.27136
8.26287
8.26317
8.22755
8.24761
7.73632
7.85167
2.56604
1.433
0.416023
0.390507
0.196775
0.113732
0.0928049
0.057222
0.0263749
0.0260314
0.0101136
0.00914377
0.00488534
0.00508229
0.00245004
0.00240209
0.00131369
0.00128906
0.0012861
0.00128245
0.00127791
0.00127899
0.00128355
0.00128976
0.00129667
0.00130376
0.00131071
0.00131738
0.00132369
0.00132962
0.00133516
