9.22194
6.34746
8.08006
8.69094
8.38745
8.18834
8.15921
8.09038
8.06283
8.04242
8.03315
8.02198
8.02083
8.01269
8.0136
7.97789
8
7.5045
7.6209
2.53464
1.41954
0.418124
0.390995
0.197428
0.105233
0.0823649
0.0446177
0.0197778
0.0191654
0.00721738
0.00625663
0.00282981
0.00306544
0.00149518
0.00147986
0.0009513
0.000944375
0.000969274
0.000973824
0.000971265
0.000973941
0.00097985
0.00098709
0.000994805
0.00100253
0.00101001
0.00101714
0.00102385
0.00103014
0.00103601
