0.192787
0.121409
0.0750998
0.103467
0.113458
0.11591
0.116771
0.117123
0.117728
0.11773
0.117895
0.117731
0.117689
0.117683
0.117525
0.116909
0.116874
0.113181
0.112886
0.0554744
0.0561837
0.0212978
0.0199165
0.00915472
0.00747845
0.00377788
0.0032914
0.00271293
0.00131583
0.000852107
0.00101179
0.000675167
0.000679016
0.000568108
0.000567347
0.0005482
0.000547906
0.000547435
0.00054702
0.000546891
0.000546779
0.000546682
0.000546597
0.000546549
0.000546512
0.000546479
0.000546463
0.000546447
0.000546422
0.000546399
