10.4542
7.27813
4.33792
4.7454
4.92846
4.96676
4.98066
4.99211
5.00434
5.00935
5.01283
5.00698
5.00885
5.00689
5.00303
4.98178
4.9806
4.8785
4.87372
2.7299
2.78624
1.1844
1.0472
0.491012
0.387747
0.216774
0.178342
0.163016
0.0291158
0.00718767
0.00607984
0.00226861
0.00234837
0.0009638
0.0009562
0.00065716
0.000664122
0.000663786
0.000665846
0.000645888
0.000633156
0.000625921
0.000622683
0.000616907
0.000613363
0.000612206
0.000613039
0.000614843
0.000615621
0.000616931
