0.114981
0.114491
0.113415
0.112389
0.115155
0.115155
0.115155
0.115156
0.115156
0.115156
0.115156
0.115156
0.115156
0.115156
0.115156
0.115156
0.115156
0.115156
0.115156
0.115156
0.115156
0.115156
0.115156
0.115156
0.115155
0.115155
0.115155
0.115155
0.115155
0.115155
0.115155
0.115155
0.115155
0.115155
0.115155
0.115155
0.115155
0.115155
0.115155
0.115155
0.115155
0.115155
0.115155
0.115155
0.115155
0.115155
0.115155
0.115155
0.115155
0.115155
