10.332
7.17294
4.30111
4.78218
5.00942
5.06572
5.08689
5.10158
5.11718
5.12321
5.12696
5.12036
5.12268
5.12068
5.11678
5.09496
5.09387
4.98531
4.9795
2.77171
2.8189
1.20235
1.06224
0.503264
0.397514
0.221982
0.183456
0.165126
0.0347523
0.011942
0.0127988
0.00584863
0.00575019
0.00231167
0.00227661
0.00101786
0.00100294
0.000969321
0.00093752
0.000895558
0.000860924
0.000832585
0.000809492
0.000786629
0.000768235
0.00075355
0.000742068
0.000732817
0.000723324
0.000715607
