10.4429
7.18509
4.31788
4.72666
4.94088
4.95613
4.98238
4.99244
5.0042
5.00959
5.01262
5.01385
5.00823
5.0037
5.00133
4.98207
4.98029
4.88872
4.88778
2.73127
2.78956
1.19141
1.05077
0.489677
0.386905
0.216968
0.177764
0.158824
0.0129958
0.00628604
0.00582183
0.00236342
0.00244325
0.000974315
0.000998272
0.000611717
0.000603818
0.000682726
0.000731254
0.000728755
0.000735331
0.000746997
0.000761755
0.00077844
0.00079637
0.000815147
0.000834546
0.000854444
0.000874777
0.000895505
