0.192522
0.118869
0.0750747
0.103175
0.114216
0.115528
0.116759
0.117165
0.117738
0.117732
0.117908
0.118006
0.117766
0.117576
0.11757
0.116957
0.116869
0.113641
0.113549
0.0555244
0.0562819
0.0214344
0.0199822
0.00907547
0.00746492
0.00377281
0.00328864
0.00268956
0.00166388
0.0010342
0.00103922
0.0006783
0.000684408
0.000569459
0.000568931
0.000549474
0.000548925
0.000547518
0.000547054
0.000546608
0.000546243
0.00054594
0.000545687
0.000545476
0.000545301
0.000545156
0.000545039
0.000544944
0.000544871
0.000544815
