10.3212
7.08336
4.28446
4.76548
5.02481
5.05453
5.08886
5.10237
5.11713
5.12341
5.12687
5.12745
5.1209
5.11731
5.11544
5.0955
5.09407
4.99706
4.99527
2.77486
2.82292
1.20955
1.06609
0.501802
0.396749
0.222175
0.182923
0.161229
0.0229877
0.0131971
0.012713
0.00573811
0.00565917
0.00223387
0.00222707
0.000974198
0.000923798
0.000873694
0.000871205
0.000839993
0.000820516
0.000809458
0.000804938
0.000805634
0.000810577
0.000819034
0.000830438
0.000844342
0.000860378
0.000878242
