11.8236
11.601
12.6054
12.8237
12.4118
12.4321
12.4808
12.4047
12.3486
12.2982
12.2807
12.2622
12.2459
12.229
12.2176
12.0875
12.0829
5.78375
0.778615
0.85252
0.888164
0.644238
0.636633
0.575205
0.567583
0.205669
0.155325
0.0811371
0.0419799
0.0190686
0.0129228
0.00434884
0.00504015
0.0032187
0.00315957
0.00287448
0.00283797
0.00349634
0.00370697
0.00381061
0.00390021
0.00398228
0.00405653
0.00412237
0.0041862
0.0042596
0.00432511
0.00438473
0.00443982
0.00449133
