0.213839
0.185948
0.160788
0.204498
0.283386
0.32488
0.345141
0.354249
0.358565
0.360581
0.361542
0.362129
0.362382
0.361914
0.361406
0.35794
0.356491
0.130014
0.0754443
0.0762578
0.0731629
0.059337
0.0579656
0.03263
0.0348372
0.0101267
0.00942106
0.00414303
0.00266346
0.00137139
0.000970133
0.000639741
0.000681126
0.00061906
0.000616526
0.000601805
0.000599797
0.000601819
0.000602755
0.000603201
0.000603613
0.000604004
0.000604326
0.000604635
0.000604938
0.000605491
0.000605989
0.000606444
0.000606863
0.000607252
