11.6401
11.4918
12.5791
12.9271
12.5808
12.5668
12.5914
12.5046
12.441
12.3867
12.362
12.34
12.3209
12.3033
12.292
12.1635
12.1597
5.80683
0.446611
0.215753
0.343619
0.316044
0.421582
0.536853
0.554459
0.206919
0.160084
0.0870248
0.0455709
0.0206384
0.0136673
0.00526804
0.00600617
0.00393411
0.00386631
0.00342092
0.00336794
0.00391237
0.00412044
0.00421643
0.00430262
0.00438365
0.00445772
0.00452408
0.00458885
0.00465943
0.00472306
0.00478137
0.00483547
0.00488617
