8.77044
9.16453
10.317
9.91503
9.93379
9.81347
9.72229
9.67386
9.64431
9.6389
9.62001
9.613
9.58554
9.57565
9.57851
9.53254
9.54947
9.32507
9.35856
3.16692
0.358597
0.269579
0.231616
0.170827
0.197172
0.115658
0.108016
0.021787
0.0237134
0.00888305
0.00749347
0.00350582
0.00351875
0.00232844
0.0023241
0.00198006
0.00196649
0.001994
0.00202429
0.00211345
0.00213984
0.00216173
0.00218076
0.00219725
0.00221161
0.00222425
0.00223553
0.00224575
0.00225513
0.00226383
