0.165953
0.125623
0.165613
0.220468
0.24488
0.257776
0.264415
0.267052
0.268492
0.269211
0.269512
0.269223
0.269202
0.268881
0.268932
0.268067
0.26813
0.262437
0.261242
0.0641247
0.0293075
0.0218562
0.019805
0.015622
0.0145028
0.00682498
0.00654724
0.00179068
0.0017958
0.000854498
0.000765608
0.000646236
0.000652727
0.000618343
0.000618076
0.000610234
0.000609292
0.000609289
0.000609409
0.000609695
0.000609932
0.000610244
0.000610539
0.000610813
0.000611066
0.000611301
0.000611523
0.000611733
0.000611936
0.000612132
