8.70499
9.10056
10.3548
10.0915
10.1204
10.0014
9.90402
9.84805
9.81329
9.80421
9.78317
9.77472
9.74767
9.73801
9.74036
9.69709
9.71596
9.50017
9.53962
3.19811
0.248561
0.187317
0.130366
0.132968
0.20079
0.122233
0.116157
0.0260728
0.0288747
0.0106467
0.00913471
0.00492741
0.00496994
0.00365637
0.00365006
0.0032447
0.00321334
0.0032502
0.00328815
0.00339763
0.00342734
0.00345218
0.00347338
0.00349158
0.0035074
0.00352136
0.00353391
0.00354539
0.00355606
0.00356609
