0.172689
0.0891738
0.142615
0.169347
0.186928
0.203007
0.210935
0.215456
0.217046
0.217943
0.218747
0.219497
0.219704
0.219029
0.218942
0.218079
0.217425
0.204841
0.204182
0.0486931
0.0164106
0.00866363
0.00803342
0.00664619
0.00709309
0.00441343
0.00430144
0.00156752
0.00167515
0.000799168
0.000859361
0.000668841
0.000670729
0.000585635
0.00058352
0.000572079
0.000570797
0.000570399
0.000570003
0.000569428
0.000568816
0.000568245
0.000567708
0.0005672
0.000566714
0.000566247
0.000565795
0.000565421
0.000565071
0.000564812
