9.13597
6.23513
8.08893
8.79867
8.63105
8.44086
8.4009
8.34841
8.32136
8.29022
8.27768
8.27762
8.26282
8.25674
8.26132
8.21534
8.23436
7.81237
7.88719
2.57386
1.34608
0.351244
0.365636
0.20775
0.0749731
0.055622
0.057542
0.0218484
0.0238305
0.00915176
0.0102359
0.00577461
0.00588774
0.00353124
0.00338257
0.00248848
0.00237984
0.00230616
0.00223505
0.00217848
0.00212877
0.00208224
0.002037
0.00199197
0.00194643
0.00189994
0.00185216
0.00180283
0.00175452
0.00171248
