9.21608
6.31189
8.08171
8.70885
8.45356
8.20468
8.1514
8.09402
8.06961
8.03867
8.02706
8.02726
8.01186
8.00791
8.01252
7.96559
7.98632
7.57716
7.65228
2.54292
1.33104
0.355516
0.369701
0.209007
0.0723713
0.0449098
0.0457387
0.0161647
0.0175842
0.00649909
0.00745393
0.00409398
0.00422691
0.00283018
0.00271676
0.00207757
0.00199551
0.00193938
0.0018884
0.00183438
0.00179066
0.00175163
0.00171449
0.00167771
0.00164034
0.00160176
0.00156155
0.00151859
0.00147647
0.00143914
