10.4215
7.17928
4.33236
4.72262
4.94167
4.94915
4.98607
4.99411
5.00293
5.00644
5.02066
5.01657
5.01276
4.99724
4.99769
4.98712
4.99016
4.88905
4.88842
2.74586
2.77603
1.18495
1.03227
0.485793
0.383751
0.206709
0.172899
0.0437316
0.0123442
0.00578928
0.00614007
0.0024601
0.00254747
0.00132653
0.00132304
0.000641197
0.000644
0.00145931
0.00153911
0.00158966
0.0016333
0.00167579
0.00172043
0.00176501
0.0018099
0.00185515
0.00190072
0.00194292
0.00198582
0.00202832
