0.149577
0.134409
0.104034
0.102334
0.101878
0.101878
0.101878
0.101877
0.101877
0.101877
0.101877
0.101877
0.101876
0.101876
0.101876
0.101876
0.101876
0.101876
0.101876
0.101876
0.101876
0.101876
0.101876
0.101876
0.101876
0.101876
0.101875
0.101875
0.101875
0.101875
0.101875
0.101875
0.101875
0.101875
0.101875
0.101875
0.101875
0.101875
0.101875
0.101875
0.101875
0.101875
0.101875
0.101875
0.101875
0.101875
0.101875
0.101875
0.101875
0.101875
