10.3018
7.07778
4.30156
4.76318
5.02626
5.04765
5.09283
5.10392
5.11487
5.12054
5.13484
5.12927
5.125
5.10859
5.11104
5.10107
5.10351
4.9962
4.9951
2.79097
2.811
1.20479
1.04791
0.498334
0.393581
0.211895
0.17761
0.048671
0.0228503
0.0124818
0.0131097
0.00592075
0.00583158
0.00289261
0.00284006
0.00139846
0.00135667
0.00185174
0.00193485
0.0019806
0.00201874
0.00205616
0.00209789
0.00214128
0.00218639
0.00223286
0.0022804
0.00232285
0.00236679
0.00241034
