0.192107
0.118521
0.075975
0.102647
0.114294
0.115247
0.116794
0.11714
0.117596
0.11773
0.118163
0.118199
0.118043
0.117396
0.117537
0.117243
0.117251
0.113684
0.113541
0.0560318
0.0562722
0.0218562
0.0196994
0.00916156
0.00743498
0.00362003
0.00311051
0.0015083
0.00166439
0.00102661
0.0010751
0.000692477
0.000694124
0.000587001
0.000585693
0.000561902
0.000561057
0.000554277
0.000553989
0.00055378
0.000553576
0.000553392
0.000553266
0.000553188
0.000553151
0.000553146
0.000553167
0.000553165
0.000553189
0.000553239
