4.72357
4.93128
5.00026
5.00315
4.99608
4.99958
5.00376
5.01837
5.01532
5.00892
5.00488
5.00826
5.01909
5.00944
4.99918
4.9821
4.98288
4.8816
4.87775
2.74819
2.77659
1.14639
1.01489
0.45227
0.391909
0.206809
0.174497
0.0495221
0.0127605
0.00601335
0.00628139
0.00255593
0.00293338
0.00167769
0.00182528
0.00138261
0.00136466
0.00139271
0.00141221
0.00140992
0.00141546
0.00141908
0.00141763
0.00141014
0.00139661
0.00137738
0.00135297
0.00132396
0.00129099
0.00125477
