4.34999
4.59897
4.69278
4.70406
4.69984
4.70443
4.70866
4.72229
4.7187
4.71308
4.71008
4.71337
4.72298
4.71331
4.70491
4.68977
4.6903
4.60009
4.59662
2.62288
2.64738
1.10764
0.976203
0.439092
0.379345
0.204414
0.173795
0.050658
0.0119147
0.0066469
0.00661835
0.00286856
0.0030371
0.0015692
0.00170595
0.00125748
0.00124699
0.00129211
0.00132519
0.00133965
0.00135509
0.00136408
0.00136489
0.00135735
0.00134193
0.00131926
0.00129003
0.00125495
0.00121471
0.00117007
