0.139553
0.126716
0.120437
0.118286
0.117633
0.117555
0.117702
0.118069
0.118042
0.117767
0.117576
0.117684
0.118051
0.11785
0.117399
0.116856
0.116903
0.113309
0.113094
0.0558134
0.0561247
0.0207394
0.0190733
0.00868917
0.0075215
0.00381386
0.00338397
0.00204849
0.00212459
0.00165177
0.00167176
0.00144615
0.0014477
0.00139451
0.00139442
0.00138446
0.001384
0.00138376
0.00138352
0.00138334
0.00138318
0.00138304
0.00138292
0.00138282
0.00138274
0.00138268
0.00138263
0.0013826
0.00138259
0.0013826
