11.7593
11.8436
13.0124
12.3708
12.3688
12.4821
12.4593
12.3986
12.3536
12.3273
12.3116
12.276
12.2555
12.2298
12.2394
12.1052
12.1112
5.836
0.802963
0.865207
0.884988
0.756055
0.742232
0.733929
0.639661
0.329249
0.266344
0.0951454
0.0474912
0.024622
0.0231922
0.0137079
0.0122479
0.009321
0.00808583
0.0062413
0.00619478
0.00850133
0.00923756
0.00929269
0.00932259
0.00935344
0.00937194
0.00938071
0.00939287
0.00940117
0.00941286
0.00941661
0.00939809
0.0093804
