11.5771
11.7362
13.0001
12.5105
12.5071
12.5979
12.5629
12.4959
12.445
12.4118
12.3924
12.3537
12.3318
12.3055
12.3154
12.1833
12.191
5.85992
0.483991
0.201095
0.252629
0.454361
0.522424
0.691222
0.61548
0.322599
0.266318
0.0992682
0.0512053
0.0264497
0.0246339
0.0141986
0.0126983
0.00965428
0.00839844
0.00684762
0.00685795
0.0094012
0.0102103
0.0102693
0.0103006
0.01033
0.0103468
0.0103536
0.0103641
0.0103707
0.0103804
0.0103825
0.0103611
0.0103406
