0.225219
0.218894
0.200895
0.194737
0.193407
0.192067
0.191803
0.191803
0.191803
0.191803
0.191803
0.191803
0.191803
0.191804
0.191804
0.191804
0.191804
0.191804
0.191804
0.191804
0.191804
0.191804
0.191804
0.191804
0.191804
0.191804
0.191804
0.191805
0.191805
0.191805
0.191805
0.191805
0.191805
0.191805
0.191805
0.191805
0.191805
0.191805
0.191805
0.191805
0.191805
0.191805
0.191805
0.191805
0.191805
0.191805
0.191805
0.191805
0.191805
0.191805
