0.212246
0.179873
0.172124
0.238977
0.300736
0.332866
0.349603
0.357971
0.361768
0.364016
0.364955
0.364626
0.364537
0.363784
0.3636
0.360224
0.359324
0.133212
0.0772543
0.080952
0.0781594
0.0645704
0.0623817
0.0330933
0.0305831
0.011914
0.0104787
0.00479272
0.00285501
0.00148528
0.00129567
0.000722273
0.00065633
0.000588977
0.000579661
0.00060883
0.000620306
0.000706954
0.000734835
0.000737125
0.000738614
0.000741211
0.000742965
0.000744128
0.000745391
0.000746384
0.000747635
0.000748294
0.000748139
0.000747971
