0.167
0.123414
0.157462
0.216195
0.243162
0.257028
0.264056
0.267605
0.268934
0.269349
0.269598
0.269692
0.269719
0.269584
0.269505
0.268675
0.268266
0.262327
0.261473
0.0646409
0.0312243
0.0257016
0.0235679
0.0188658
0.0162356
0.0071719
0.00732601
0.00258907
0.00188136
0.000964817
0.00100839
0.000742027
0.000712781
0.000688466
0.000685459
0.000741677
0.000740418
0.000753142
0.000755061
0.000756533
0.000757492
0.000758131
0.000758286
0.000758288
0.000758188
0.000758053
0.000757835
0.000757558
0.000757238
0.00075689
