9.25278
6.33079
7.99248
8.68295
8.32244
8.21105
8.15968
8.08858
8.0622
8.05516
8.0354
8.03328
8.03117
8.0192
8.02605
7.98037
7.99927
7.48931
7.66166
2.56595
1.43234
0.398477
0.356033
0.175334
0.0835128
0.0516416
0.0455235
0.0182074
0.0208521
0.0100568
0.010526
0.0056838
0.00458101
0.00362137
0.0043481
0.00423659
0.00415983
0.0038127
0.00426406
0.00620194
0.00628405
0.00636359
0.00642536
0.00646793
0.00648958
0.00650656
0.00651917
0.00653682
0.00655164
0.00656394
