9.17185
6.25353
7.99992
8.77481
8.51964
8.45284
8.40863
8.34161
8.31277
8.30417
8.28335
8.27965
8.27725
8.26559
8.2711
8.2263
8.24494
7.71716
7.89074
2.59696
1.44391
0.394869
0.353617
0.171408
0.0929364
0.0621615
0.0582848
0.0255052
0.0285834
0.0136996
0.0139317
0.00787851
0.00652962
0.0051887
0.00567593
0.00535368
0.00520836
0.00474114
0.00422605
0.0052332
0.0052216
0.005233
0.00523133
0.00522257
0.00519267
0.00516094
0.00512836
0.00510013
0.00507438
0.0050507
