0.174081
0.0893756
0.137522
0.168804
0.191132
0.205991
0.212211
0.21582
0.217242
0.218675
0.219089
0.219025
0.218852
0.218643
0.218298
0.217489
0.217442
0.201683
0.203238
0.0484906
0.0173958
0.00929346
0.00846581
0.00764777
0.00900054
0.00487645
0.00448698
0.00174762
0.00179858
0.000901667
0.000890196
0.000689928
0.000652795
0.000656467
0.000677064
0.000672148
0.000669795
0.000667128
0.000726016
0.000805849
0.000807205
0.000808684
0.000810271
0.000811403
0.000812043
0.000812659
0.000813199
0.000814117
0.000814839
0.000815417
