10.4892
7.14199
4.26055
4.71667
4.94694
4.95318
4.991
5.0062
5.00902
5.00975
5.00981
5.00868
5.00889
5.00436
5.00446
4.9824
4.98187
4.88459
4.88589
2.73478
2.75261
1.15821
1.00815
0.445348
0.308586
0.189352
0.173942
0.123951
0.0136906
0.00900211
0.00938845
0.00639074
0.00596412
0.00584311
0.00598857
0.00862431
0.0111668
0.021826
0.0232335
0.0253524
0.0261157
0.0262165
0.0262779
0.0263152
0.0263397
0.0263583
0.0263726
0.0263817
0.0263868
0.0263895
