0.193335
0.116779
0.072683
0.102649
0.114365
0.115824
0.117183
0.117827
0.118088
0.11802
0.118017
0.11798
0.117989
0.117839
0.11792
0.117152
0.117142
0.113634
0.113776
0.0559792
0.0557075
0.0213691
0.019362
0.00842332
0.00584978
0.00382145
0.0034235
0.00238252
0.001897
0.00121566
0.00119381
0.000817724
0.000802311
0.000718365
0.0007049
0.00074507
0.000757785
0.000780426
0.000769834
0.000748873
0.000746287
0.000746109
0.0007461
0.000746098
0.000746082
0.000746122
0.000746115
0.000745821
0.000745524
0.000745224
