0.121364
0.116077
0.115858
0.116959
0.118137
0.118136
0.118135
0.118134
0.118134
0.118134
0.118134
0.118134
0.118134
0.118134
0.118133
0.118133
0.118133
0.118133
0.118133
0.118133
0.118133
0.118133
0.118133
0.118133
0.118133
0.118132
0.118132
0.118132
0.118132
0.118132
0.118132
0.118132
0.118132
0.118132
0.118132
0.118132
0.118132
0.118132
0.118132
0.118132
0.118132
0.118132
0.118132
0.118132
0.118132
0.118132
0.118132
0.118132
0.118132
0.118132
