0.194655
0.121109
0.0728139
0.104333
0.114159
0.115902
0.117207
0.117887
0.117819
0.118018
0.117927
0.117856
0.117853
0.117701
0.117685
0.117037
0.116837
0.113294
0.113452
0.0562228
0.0569318
0.02101
0.0196693
0.00873745
0.00737341
0.00375371
0.00340524
0.00167021
0.0018521
0.00116878
0.00116774
0.000790557
0.000760837
0.000607582
0.000578103
0.000556335
0.00055848
0.000586009
0.000586476
0.000586489
0.000586525
0.000586652
0.000586585
0.000586469
0.000586288
0.000586013
0.000585678
0.000585305
0.000584912
0.000584477
