10.5344
7.27614
4.33313
4.76911
4.94856
4.95863
4.99019
5.00156
5.00263
5.01027
5.01162
5.01121
5.01111
5.00655
5.00677
4.98767
4.97818
4.87596
4.8865
2.75968
2.80869
1.17093
1.04595
0.466226
0.377745
0.19372
0.170383
0.0391023
0.0128705
0.0073888
0.00820988
0.00536322
0.00556812
0.00507906
0.00540943
0.00605716
0.00324032
0.00323127
0.00320541
0.00317003
0.00313026
0.00308958
0.00305321
0.00301985
0.00298926
0.00295987
0.00293219
0.00290634
0.00288232
0.00286344
