10.4098
7.17315
4.29745
4.80887
5.03218
5.05858
5.09775
5.11345
5.11705
5.12531
5.12607
5.12535
5.12525
5.12046
5.12102
5.10101
5.09097
4.9831
4.99362
2.80475
2.8435
1.18935
1.06067
0.478834
0.387994
0.200345
0.17645
0.0456672
0.0250702
0.0155498
0.0160965
0.00963593
0.00935374
0.00659365
0.0064067
0.00638036
0.00217184
0.00213044
0.00216479
0.00218289
0.00220092
0.00222097
0.00223748
0.00225358
0.00226106
0.00226525
0.00226698
0.00226681
0.00226513
0.00226273
