0.21607
0.206583
0.158999
0.190472
0.270218
0.319066
0.341953
0.351754
0.354502
0.356019
0.356096
0.355687
0.355676
0.354762
0.354905
0.350452
0.349233
0.119435
0.0817565
0.077697
0.074827
0.0601835
0.0569835
0.0308034
0.030917
0.0119471
0.0104359
0.00696924
0.0069442
0.0059106
0.00481777
0.0036993
0.0035103
0.00317469
0.00311334
0.00305944
0.00300208
0.00300434
0.00300579
0.00300683
0.00300759
0.00300896
0.00300995
0.00301063
0.00301095
0.00301119
0.00301526
0.003018
0.0030198
0.00302102
