0.168113
0.133126
0.174181
0.226288
0.249518
0.25989
0.264692
0.266953
0.267846
0.268549
0.268834
0.268548
0.268515
0.268277
0.268403
0.267562
0.267634
0.25775
0.25888
0.0655635
0.0269763
0.0199124
0.0199449
0.0153987
0.0149684
0.00838342
0.00865271
0.00578698
0.00403053
0.00282255
0.00255286
0.00248264
0.00250409
0.00230739
0.00219879
0.00209329
0.00192473
0.00187799
0.00186953
0.00186613
0.00186312
0.00186041
0.00185795
0.00185569
0.0018536
0.00185144
0.00185075
0.00185021
0.00185093
0.00185139
