8.92006
9.48959
10.4407
9.93659
9.87318
9.8002
9.70125
9.65973
9.61995
9.58961
9.58702
9.57448
9.58214
9.56949
9.57518
9.52214
9.53571
9.16444
9.34547
3.17966
0.282788
0.202016
0.198277
0.168021
0.177122
0.132025
0.128582
0.0969848
0.0455562
0.0338603
0.0307509
0.0456221
0.0659784
0.0648788
0.0654949
0.0645341
0.0619266
0.0609218
0.0607944
0.0607244
0.0606587
0.0605979
0.0605415
0.0604891
0.0604403
0.0603685
0.0603124
0.0602766
0.0602501
0.060234
