0.176016
0.102872
0.149608
0.173788
0.192851
0.205766
0.212148
0.215244
0.217072
0.21814
0.218426
0.21838
0.218207
0.218151
0.218114
0.216884
0.215959
0.181989
0.187489
0.0438652
0.0198981
0.00863678
0.00768095
0.00773901
0.00629199
0.00556039
0.0053029
0.0036462
0.00345206
0.00323572
0.00313759
0.0029722
0.00291551
0.00289697
0.00292898
0.00284911
0.00284124
0.00284
0.00283851
0.00281579
0.00282753
0.00288302
0.00296978
0.00298799
0.0029886
0.00298945
0.00299053
0.00299127
0.00299177
0.00299132
