0.197615
0.119736
0.0732102
0.104124
0.114872
0.116598
0.117199
0.118139
0.118148
0.118149
0.118144
0.118104
0.118103
0.117934
0.118066
0.117423
0.11722
0.113547
0.11408
0.0599445
0.0609325
0.0223032
0.020283
0.0115367
0.00839258
0.00472645
0.00432347
0.00321521
0.00281975
0.00237659
0.00231472
0.0019335
0.00160623
0.00123864
0.00114323
0.00108818
0.00100865
0.00101079
0.00103092
0.00103041
0.00103009
0.00102982
0.00102936
0.00102916
0.00102985
0.00103059
0.00103046
0.00103048
0.00102842
0.00102678
