0.117898
0.117584
0.116459
0.116827
0.116581
0.116581
0.116581
0.116581
0.116581
0.116581
0.116581
0.116581
0.116581
0.116581
0.116581
0.116581
0.116581
0.116581
0.116581
0.116581
0.116581
0.116581
0.116581
0.116581
0.116581
0.116581
0.116581
0.116581
0.116581
0.116581
0.116581
0.116581
0.116581
0.116581
0.116581
0.116581
0.116581
0.116581
0.116581
0.116581
0.116581
0.116581
0.116581
0.116581
0.116581
0.116581
0.116581
0.116581
0.116581
0.116581
