0.196719
0.118241
0.0721693
0.103806
0.114738
0.116057
0.116916
0.117579
0.117855
0.118515
0.11844
0.118487
0.118464
0.118297
0.11833
0.11768
0.117716
0.114017
0.113996
0.0587813
0.0608008
0.0230898
0.0206134
0.0110738
0.00831003
0.00467541
0.0041564
0.0031319
0.00268355
0.0021853
0.00214145
0.0022672
0.00235374
0.0024277
0.00261884
0.00284437
0.00283146
0.00278794
0.00278166
0.00278366
0.00278545
0.00278718
0.00278892
0.00279073
0.00279249
0.00279437
0.00292875
0.00335938
0.00350743
0.00353194
